   1.1343750e+01   4.3104167e+00   1.2415885e+03   0.0000000e+00   0.0000000e+00   0.0000000e+00   0.0000000e+00   0.0000000e+00   0.0000000e+00   0.0000000e+00   0.0000000e+00   0.0000000e+00   0.0000000e+00   0.0000000e+00   0.0000000e+00   0.0000000e+00   0.0000000e+00   0.0000000e+00   0.0000000e+00   0.0000000e+00   0.0000000e+00
   1.3031250e+01   7.4270833e+00   1.2466927e+03   0.0000000e+00   0.0000000e+00   0.0000000e+00   0.0000000e+00   0.0000000e+00   0.0000000e+00   0.0000000e+00   0.0000000e+00   0.0000000e+00   0.0000000e+00   0.0000000e+00   0.0000000e+00   0.0000000e+00   0.0000000e+00   0.0000000e+00   0.0000000e+00   0.0000000e+00   0.0000000e+00
   1.9062500e+00   1.7060417e+01   1.2395469e+03   0.0000000e+00   0.0000000e+00   0.0000000e+00   0.0000000e+00   0.0000000e+00   0.0000000e+00   0.0000000e+00   0.0000000e+00   0.0000000e+00   0.0000000e+00   0.0000000e+00   0.0000000e+00   0.0000000e+00   0.0000000e+00   0.0000000e+00   0.0000000e+00   0.0000000e+00   0.0000000e+00
   1.2406250e+01   3.3187500e+00   1.2803802e+03   0.0000000e+00   0.0000000e+00   0.0000000e+00   0.0000000e+00   0.0000000e+00   0.0000000e+00   0.0000000e+00   0.0000000e+00   0.0000000e+00   0.0000000e+00   0.0000000e+00   0.0000000e+00   0.0000000e+00   0.0000000e+00   0.0000000e+00   0.0000000e+00   0.0000000e+00   0.0000000e+00
   1.0968750e+01   1.9043750e+01   1.1890156e+03   0.0000000e+00   0.0000000e+00   0.0000000e+00   0.0000000e+00   0.0000000e+00   0.0000000e+00   0.0000000e+00   0.0000000e+00   0.0000000e+00   0.0000000e+00   0.0000000e+00   0.0000000e+00   0.0000000e+00   0.0000000e+00   0.0000000e+00   0.0000000e+00   0.0000000e+00   0.0000000e+00
   1.3437500e+00   1.6281250e+01   1.2512865e+03   0.0000000e+00   0.0000000e+00   0.0000000e+00   0.0000000e+00   0.0000000e+00   0.0000000e+00   0.0000000e+00   0.0000000e+00   0.0000000e+00   0.0000000e+00   0.0000000e+00   0.0000000e+00   0.0000000e+00   0.0000000e+00   0.0000000e+00   0.0000000e+00   0.0000000e+00   0.0000000e+00
   5.3437500e+00   1.1535417e+01   1.1920781e+03   0.0000000e+00   0.0000000e+00   0.0000000e+00   0.0000000e+00   0.0000000e+00   0.0000000e+00   0.0000000e+00   0.0000000e+00   0.0000000e+00   0.0000000e+00   0.0000000e+00   0.0000000e+00   0.0000000e+00   0.0000000e+00   0.0000000e+00   0.0000000e+00   0.0000000e+00   0.0000000e+00
   8.8437500e+00   1.3093750e+01   1.1762552e+03   0.0000000e+00   0.0000000e+00   0.0000000e+00   0.0000000e+00   0.0000000e+00   0.0000000e+00   0.0000000e+00   0.0000000e+00   0.0000000e+00   0.0000000e+00   0.0000000e+00   0.0000000e+00   0.0000000e+00   0.0000000e+00   0.0000000e+00   0.0000000e+00   0.0000000e+00   0.0000000e+00
   1.4031250e+01   7.0020833e+00   1.2344427e+03   0.0000000e+00   0.0000000e+00   0.0000000e+00   0.0000000e+00   0.0000000e+00   0.0000000e+00   0.0000000e+00   0.0000000e+00   0.0000000e+00   0.0000000e+00   0.0000000e+00   0.0000000e+00   0.0000000e+00   0.0000000e+00   0.0000000e+00   0.0000000e+00   0.0000000e+00   0.0000000e+00
   1.4718750e+01   1.0756250e+01   1.2135156e+03   0.0000000e+00   0.0000000e+00   0.0000000e+00   0.0000000e+00   0.0000000e+00   0.0000000e+00   0.0000000e+00   0.0000000e+00   0.0000000e+00   0.0000000e+00   0.0000000e+00   0.0000000e+00   0.0000000e+00   0.0000000e+00   0.0000000e+00   0.0000000e+00   0.0000000e+00   0.0000000e+00
   2.8437500e+00   1.9397917e+01   1.2145365e+03   0.0000000e+00   0.0000000e+00   0.0000000e+00   0.0000000e+00   0.0000000e+00   0.0000000e+00   0.0000000e+00   0.0000000e+00   0.0000000e+00   0.0000000e+00   0.0000000e+00   0.0000000e+00   0.0000000e+00   0.0000000e+00   0.0000000e+00   0.0000000e+00   0.0000000e+00   0.0000000e+00
   1.4531250e+01   1.2527083e+01   1.2431198e+03   0.0000000e+00   0.0000000e+00   0.0000000e+00   0.0000000e+00   0.0000000e+00   0.0000000e+00   0.0000000e+00   0.0000000e+00   0.0000000e+00   0.0000000e+00   0.0000000e+00   0.0000000e+00   0.0000000e+00   0.0000000e+00   0.0000000e+00   0.0000000e+00   0.0000000e+00   0.0000000e+00
   1.4156250e+01   1.2031250e+01   1.2594531e+03   0.0000000e+00   0.0000000e+00   0.0000000e+00   0.0000000e+00   0.0000000e+00   0.0000000e+00   0.0000000e+00   0.0000000e+00   0.0000000e+00   0.0000000e+00   0.0000000e+00   0.0000000e+00   0.0000000e+00   0.0000000e+00   0.0000000e+00   0.0000000e+00   0.0000000e+00   0.0000000e+00
   7.4687500e+00   6.8604167e+00   1.2022865e+03   0.0000000e+00   0.0000000e+00   0.0000000e+00   0.0000000e+00   0.0000000e+00   0.0000000e+00   0.0000000e+00   0.0000000e+00   0.0000000e+00   0.0000000e+00   0.0000000e+00   0.0000000e+00   0.0000000e+00   0.0000000e+00   0.0000000e+00   0.0000000e+00   0.0000000e+00   0.0000000e+00
   1.1906250e+01   1.1464583e+01   1.2441406e+03   0.0000000e+00   0.0000000e+00   0.0000000e+00   0.0000000e+00   0.0000000e+00   0.0000000e+00   0.0000000e+00   0.0000000e+00   0.0000000e+00   0.0000000e+00   0.0000000e+00   0.0000000e+00   0.0000000e+00   0.0000000e+00   0.0000000e+00   0.0000000e+00   0.0000000e+00   0.0000000e+00
   2.1562500e+00   1.3802083e+01   1.2089219e+03   0.0000000e+00   0.0000000e+00   0.0000000e+00   0.0000000e+00   0.0000000e+00   0.0000000e+00   0.0000000e+00   0.0000000e+00   0.0000000e+00   0.0000000e+00   0.0000000e+00   0.0000000e+00   0.0000000e+00   0.0000000e+00   0.0000000e+00   0.0000000e+00   0.0000000e+00   0.0000000e+00
   6.4687500e+00   1.5077083e+01   1.2660885e+03   0.0000000e+00   0.0000000e+00   0.0000000e+00   0.0000000e+00   0.0000000e+00   0.0000000e+00   0.0000000e+00   0.0000000e+00   0.0000000e+00   0.0000000e+00   0.0000000e+00   0.0000000e+00   0.0000000e+00   0.0000000e+00   0.0000000e+00   0.0000000e+00   0.0000000e+00   0.0000000e+00
   1.3406250e+01   9.4104167e+00   1.2650677e+03   0.0000000e+00   0.0000000e+00   0.0000000e+00   0.0000000e+00   0.0000000e+00   0.0000000e+00   0.0000000e+00   0.0000000e+00   0.0000000e+00   0.0000000e+00   0.0000000e+00   0.0000000e+00   0.0000000e+00   0.0000000e+00   0.0000000e+00   0.0000000e+00   0.0000000e+00   0.0000000e+00
   1.1718750e+01   9.1270833e+00   1.1936094e+03   0.0000000e+00   0.0000000e+00   0.0000000e+00   0.0000000e+00   0.0000000e+00   0.0000000e+00   0.0000000e+00   0.0000000e+00   0.0000000e+00   0.0000000e+00   0.0000000e+00   0.0000000e+00   0.0000000e+00   0.0000000e+00   0.0000000e+00   0.0000000e+00   0.0000000e+00   0.0000000e+00
   1.4781250e+01   1.9964583e+01   1.2354635e+03   0.0000000e+00   0.0000000e+00   0.0000000e+00   0.0000000e+00   0.0000000e+00   0.0000000e+00   0.0000000e+00   0.0000000e+00   0.0000000e+00   0.0000000e+00   0.0000000e+00   0.0000000e+00   0.0000000e+00   0.0000000e+00   0.0000000e+00   0.0000000e+00   0.0000000e+00   0.0000000e+00
   9.6562500e+00   3.6729167e+00   1.2324010e+03   0.0000000e+00   0.0000000e+00   0.0000000e+00   0.0000000e+00   0.0000000e+00   0.0000000e+00   0.0000000e+00   0.0000000e+00   0.0000000e+00   0.0000000e+00   0.0000000e+00   0.0000000e+00   0.0000000e+00   0.0000000e+00   0.0000000e+00   0.0000000e+00   0.0000000e+00   0.0000000e+00
   7.8125000e-01   1.8264583e+01   1.2267865e+03   0.0000000e+00   0.0000000e+00   0.0000000e+00   0.0000000e+00   0.0000000e+00   0.0000000e+00   0.0000000e+00   0.0000000e+00   0.0000000e+00   0.0000000e+00   0.0000000e+00   0.0000000e+00   0.0000000e+00   0.0000000e+00   0.0000000e+00   0.0000000e+00   0.0000000e+00   0.0000000e+00
   1.3343750e+01   1.8689583e+01   1.2727240e+03   0.0000000e+00   0.0000000e+00   0.0000000e+00   0.0000000e+00   0.0000000e+00   0.0000000e+00   0.0000000e+00   0.0000000e+00   0.0000000e+00   0.0000000e+00   0.0000000e+00   0.0000000e+00   0.0000000e+00   0.0000000e+00   0.0000000e+00   0.0000000e+00   0.0000000e+00   0.0000000e+00
   1.4656250e+01   1.6989583e+01   1.1946302e+03   0.0000000e+00   0.0000000e+00   0.0000000e+00   0.0000000e+00   0.0000000e+00   0.0000000e+00   0.0000000e+00   0.0000000e+00   0.0000000e+00   0.0000000e+00   0.0000000e+00   0.0000000e+00   0.0000000e+00   0.0000000e+00   0.0000000e+00   0.0000000e+00   0.0000000e+00   0.0000000e+00
   9.9687500e+00   4.8062500e+00   1.1987135e+03   0.0000000e+00   0.0000000e+00   0.0000000e+00   0.0000000e+00   0.0000000e+00   0.0000000e+00   0.0000000e+00   0.0000000e+00   0.0000000e+00   0.0000000e+00   0.0000000e+00   0.0000000e+00   0.0000000e+00   0.0000000e+00   0.0000000e+00   0.0000000e+00   0.0000000e+00   0.0000000e+00
   1.1218750e+01   7.6395833e+00   1.1767656e+03   0.0000000e+00   0.0000000e+00   0.0000000e+00   0.0000000e+00   0.0000000e+00   0.0000000e+00   0.0000000e+00   0.0000000e+00   0.0000000e+00   0.0000000e+00   0.0000000e+00   0.0000000e+00   0.0000000e+00   0.0000000e+00   0.0000000e+00   0.0000000e+00   0.0000000e+00   0.0000000e+00
   1.0343750e+01   8.4895833e+00   1.2798698e+03   0.0000000e+00   0.0000000e+00   0.0000000e+00   0.0000000e+00   0.0000000e+00   0.0000000e+00   0.0000000e+00   0.0000000e+00   0.0000000e+00   0.0000000e+00   0.0000000e+00   0.0000000e+00   0.0000000e+00   0.0000000e+00   0.0000000e+00   0.0000000e+00   0.0000000e+00   0.0000000e+00
   6.0937500e+00   1.5147917e+01   1.2410781e+03   0.0000000e+00   0.0000000e+00   0.0000000e+00   0.0000000e+00   0.0000000e+00   0.0000000e+00   0.0000000e+00   0.0000000e+00   0.0000000e+00   0.0000000e+00   0.0000000e+00   0.0000000e+00   0.0000000e+00   0.0000000e+00   0.0000000e+00   0.0000000e+00   0.0000000e+00   0.0000000e+00
   9.8437500e+00   5.3020833e+00   1.2160677e+03   0.0000000e+00   0.0000000e+00   0.0000000e+00   0.0000000e+00   0.0000000e+00   0.0000000e+00   0.0000000e+00   0.0000000e+00   0.0000000e+00   0.0000000e+00   0.0000000e+00   0.0000000e+00   0.0000000e+00   0.0000000e+00   0.0000000e+00   0.0000000e+00   0.0000000e+00   0.0000000e+00
   2.9687500e+00   1.5927083e+01   1.2400573e+03   0.0000000e+00   0.0000000e+00   0.0000000e+00   0.0000000e+00   0.0000000e+00   0.0000000e+00   0.0000000e+00   0.0000000e+00   0.0000000e+00   0.0000000e+00   0.0000000e+00   0.0000000e+00   0.0000000e+00   0.0000000e+00   0.0000000e+00   0.0000000e+00   0.0000000e+00   0.0000000e+00
   1.0281250e+01   5.0895833e+00   1.2278073e+03   0.0000000e+00   0.0000000e+00   0.0000000e+00   0.0000000e+00   0.0000000e+00   0.0000000e+00   0.0000000e+00   0.0000000e+00   0.0000000e+00   0.0000000e+00   0.0000000e+00   0.0000000e+00   0.0000000e+00   0.0000000e+00   0.0000000e+00   0.0000000e+00   0.0000000e+00   0.0000000e+00
   3.4375000e-01   1.4297917e+01   1.2420990e+03   0.0000000e+00   0.0000000e+00   0.0000000e+00   0.0000000e+00   0.0000000e+00   0.0000000e+00   0.0000000e+00   0.0000000e+00   0.0000000e+00   0.0000000e+00   0.0000000e+00   0.0000000e+00   0.0000000e+00   0.0000000e+00   0.0000000e+00   0.0000000e+00   0.0000000e+00   0.0000000e+00
   4.6562500e+00   1.1677083e+01   1.2272969e+03   0.0000000e+00   0.0000000e+00   0.0000000e+00   0.0000000e+00   0.0000000e+00   0.0000000e+00   0.0000000e+00   0.0000000e+00   0.0000000e+00   0.0000000e+00   0.0000000e+00   0.0000000e+00   0.0000000e+00   0.0000000e+00   0.0000000e+00   0.0000000e+00   0.0000000e+00   0.0000000e+00
   6.5625000e-01   1.6706250e+01   1.2523073e+03   0.0000000e+00   0.0000000e+00   0.0000000e+00   0.0000000e+00   0.0000000e+00   0.0000000e+00   0.0000000e+00   0.0000000e+00   0.0000000e+00   0.0000000e+00   0.0000000e+00   0.0000000e+00   0.0000000e+00   0.0000000e+00   0.0000000e+00   0.0000000e+00   0.0000000e+00   0.0000000e+00
   1.4062500e+00   1.5856250e+01   1.2232135e+03   0.0000000e+00   0.0000000e+00   0.0000000e+00   0.0000000e+00   0.0000000e+00   0.0000000e+00   0.0000000e+00   0.0000000e+00   0.0000000e+00   0.0000000e+00   0.0000000e+00   0.0000000e+00   0.0000000e+00   0.0000000e+00   0.0000000e+00   0.0000000e+00   0.0000000e+00   0.0000000e+00
   1.2968750e+01   1.8335417e+01   1.2854844e+03   0.0000000e+00   0.0000000e+00   0.0000000e+00   0.0000000e+00   0.0000000e+00   0.0000000e+00   0.0000000e+00   0.0000000e+00   0.0000000e+00   0.0000000e+00   0.0000000e+00   0.0000000e+00   0.0000000e+00   0.0000000e+00   0.0000000e+00   0.0000000e+00   0.0000000e+00   0.0000000e+00
   1.1156250e+01   1.8477083e+01   1.1910573e+03   0.0000000e+00   0.0000000e+00   0.0000000e+00   0.0000000e+00   0.0000000e+00   0.0000000e+00   0.0000000e+00   0.0000000e+00   0.0000000e+00   0.0000000e+00   0.0000000e+00   0.0000000e+00   0.0000000e+00   0.0000000e+00   0.0000000e+00   0.0000000e+00   0.0000000e+00   0.0000000e+00
   5.5312500e+00   8.7020833e+00   1.1747240e+03   0.0000000e+00   0.0000000e+00   0.0000000e+00   0.0000000e+00   0.0000000e+00   0.0000000e+00   0.0000000e+00   0.0000000e+00   0.0000000e+00   0.0000000e+00   0.0000000e+00   0.0000000e+00   0.0000000e+00   0.0000000e+00   0.0000000e+00   0.0000000e+00   0.0000000e+00   0.0000000e+00
   1.4843750e+01   1.5714583e+01   1.1742135e+03   0.0000000e+00   0.0000000e+00   0.0000000e+00   0.0000000e+00   0.0000000e+00   0.0000000e+00   0.0000000e+00   0.0000000e+00   0.0000000e+00   0.0000000e+00   0.0000000e+00   0.0000000e+00   0.0000000e+00   0.0000000e+00   0.0000000e+00   0.0000000e+00   0.0000000e+00   0.0000000e+00
   5.9375000e-01   6.5770833e+00   1.1711510e+03   0.0000000e+00   0.0000000e+00   0.0000000e+00   0.0000000e+00   0.0000000e+00   0.0000000e+00   0.0000000e+00   0.0000000e+00   0.0000000e+00   0.0000000e+00   0.0000000e+00   0.0000000e+00   0.0000000e+00   0.0000000e+00   0.0000000e+00   0.0000000e+00   0.0000000e+00   0.0000000e+00
   6.2812500e+00   3.5312500e+00   1.2073906e+03   0.0000000e+00   0.0000000e+00   0.0000000e+00   0.0000000e+00   0.0000000e+00   0.0000000e+00   0.0000000e+00   0.0000000e+00   0.0000000e+00   0.0000000e+00   0.0000000e+00   0.0000000e+00   0.0000000e+00   0.0000000e+00   0.0000000e+00   0.0000000e+00   0.0000000e+00   0.0000000e+00
   6.5937500e+00   1.6493750e+01   1.2140260e+03   0.0000000e+00   0.0000000e+00   0.0000000e+00   0.0000000e+00   0.0000000e+00   0.0000000e+00   0.0000000e+00   0.0000000e+00   0.0000000e+00   0.0000000e+00   0.0000000e+00   0.0000000e+00   0.0000000e+00   0.0000000e+00   0.0000000e+00   0.0000000e+00   0.0000000e+00   0.0000000e+00
   1.1531250e+01   1.1747917e+01   1.2033073e+03   0.0000000e+00   0.0000000e+00   0.0000000e+00   0.0000000e+00   0.0000000e+00   0.0000000e+00   0.0000000e+00   0.0000000e+00   0.0000000e+00   0.0000000e+00   0.0000000e+00   0.0000000e+00   0.0000000e+00   0.0000000e+00   0.0000000e+00   0.0000000e+00   0.0000000e+00   0.0000000e+00
   1.1593750e+01   1.1110417e+01   1.2569010e+03   0.0000000e+00   0.0000000e+00   0.0000000e+00   0.0000000e+00   0.0000000e+00   0.0000000e+00   0.0000000e+00   0.0000000e+00   0.0000000e+00   0.0000000e+00   0.0000000e+00   0.0000000e+00   0.0000000e+00   0.0000000e+00   0.0000000e+00   0.0000000e+00   0.0000000e+00   0.0000000e+00
   3.4062500e+00   1.8547917e+01   1.2380156e+03   0.0000000e+00   0.0000000e+00   0.0000000e+00   0.0000000e+00   0.0000000e+00   0.0000000e+00   0.0000000e+00   0.0000000e+00   0.0000000e+00   0.0000000e+00   0.0000000e+00   0.0000000e+00   0.0000000e+00   0.0000000e+00   0.0000000e+00   0.0000000e+00   0.0000000e+00   0.0000000e+00
   7.7812500e+00   1.3306250e+01   1.2599635e+03   0.0000000e+00   0.0000000e+00   0.0000000e+00   0.0000000e+00   0.0000000e+00   0.0000000e+00   0.0000000e+00   0.0000000e+00   0.0000000e+00   0.0000000e+00   0.0000000e+00   0.0000000e+00   0.0000000e+00   0.0000000e+00   0.0000000e+00   0.0000000e+00   0.0000000e+00   0.0000000e+00
   6.9687500e+00   1.3589583e+01   1.2783385e+03   0.0000000e+00   0.0000000e+00   0.0000000e+00   0.0000000e+00   0.0000000e+00   0.0000000e+00   0.0000000e+00   0.0000000e+00   0.0000000e+00   0.0000000e+00   0.0000000e+00   0.0000000e+00   0.0000000e+00   0.0000000e+00   0.0000000e+00   0.0000000e+00   0.0000000e+00   0.0000000e+00
   1.0093750e+01   1.8052083e+01   1.2814010e+03   0.0000000e+00   0.0000000e+00   0.0000000e+00   0.0000000e+00   0.0000000e+00   0.0000000e+00   0.0000000e+00   0.0000000e+00   0.0000000e+00   0.0000000e+00   0.0000000e+00   0.0000000e+00   0.0000000e+00   0.0000000e+00   0.0000000e+00   0.0000000e+00   0.0000000e+00   0.0000000e+00
   1.1468750e+01   1.7414583e+01   1.1859531e+03   0.0000000e+00   0.0000000e+00   0.0000000e+00   0.0000000e+00   0.0000000e+00   0.0000000e+00   0.0000000e+00   0.0000000e+00   0.0000000e+00   0.0000000e+00   0.0000000e+00   0.0000000e+00   0.0000000e+00   0.0000000e+00   0.0000000e+00   0.0000000e+00   0.0000000e+00   0.0000000e+00
   1.1781250e+01   1.3022917e+01   1.1798281e+03   0.0000000e+00   0.0000000e+00   0.0000000e+00   0.0000000e+00   0.0000000e+00   0.0000000e+00   0.0000000e+00   0.0000000e+00   0.0000000e+00   0.0000000e+00   0.0000000e+00   0.0000000e+00   0.0000000e+00   0.0000000e+00   0.0000000e+00   0.0000000e+00   0.0000000e+00   0.0000000e+00
   3.6562500e+00   6.2229167e+00   1.2497552e+03   0.0000000e+00   0.0000000e+00   0.0000000e+00   0.0000000e+00   0.0000000e+00   0.0000000e+00   0.0000000e+00   0.0000000e+00   0.0000000e+00   0.0000000e+00   0.0000000e+00   0.0000000e+00   0.0000000e+00   0.0000000e+00   0.0000000e+00   0.0000000e+00   0.0000000e+00   0.0000000e+00
   1.0656250e+01   7.0729167e+00   1.1721719e+03   0.0000000e+00   0.0000000e+00   0.0000000e+00   0.0000000e+00   0.0000000e+00   0.0000000e+00   0.0000000e+00   0.0000000e+00   0.0000000e+00   0.0000000e+00   0.0000000e+00   0.0000000e+00   0.0000000e+00   0.0000000e+00   0.0000000e+00   0.0000000e+00   0.0000000e+00   0.0000000e+00
   1.1031250e+01   1.8406250e+01   1.2227031e+03   0.0000000e+00   0.0000000e+00   0.0000000e+00   0.0000000e+00   0.0000000e+00   0.0000000e+00   0.0000000e+00   0.0000000e+00   0.0000000e+00   0.0000000e+00   0.0000000e+00   0.0000000e+00   0.0000000e+00   0.0000000e+00   0.0000000e+00   0.0000000e+00   0.0000000e+00   0.0000000e+00
   1.5312500e+00   3.2479167e+00   1.2242344e+03   0.0000000e+00   0.0000000e+00   0.0000000e+00   0.0000000e+00   0.0000000e+00   0.0000000e+00   0.0000000e+00   0.0000000e+00   0.0000000e+00   0.0000000e+00   0.0000000e+00   0.0000000e+00   0.0000000e+00   0.0000000e+00   0.0000000e+00   0.0000000e+00   0.0000000e+00   0.0000000e+00
   1.0312500e+00   1.1606250e+01   1.2706823e+03   0.0000000e+00   0.0000000e+00   0.0000000e+00   0.0000000e+00   0.0000000e+00   0.0000000e+00   0.0000000e+00   0.0000000e+00   0.0000000e+00   0.0000000e+00   0.0000000e+00   0.0000000e+00   0.0000000e+00   0.0000000e+00   0.0000000e+00   0.0000000e+00   0.0000000e+00   0.0000000e+00
   7.5312500e+00   5.7979167e+00   1.2181094e+03   0.0000000e+00   0.0000000e+00   0.0000000e+00   0.0000000e+00   0.0000000e+00   0.0000000e+00   0.0000000e+00   0.0000000e+00   0.0000000e+00   0.0000000e+00   0.0000000e+00   0.0000000e+00   0.0000000e+00   0.0000000e+00   0.0000000e+00   0.0000000e+00   0.0000000e+00   0.0000000e+00
   1.4906250e+01   1.9681250e+01   1.2053490e+03   0.0000000e+00   0.0000000e+00   0.0000000e+00   0.0000000e+00   0.0000000e+00   0.0000000e+00   0.0000000e+00   0.0000000e+00   0.0000000e+00   0.0000000e+00   0.0000000e+00   0.0000000e+00   0.0000000e+00   0.0000000e+00   0.0000000e+00   0.0000000e+00   0.0000000e+00   0.0000000e+00
   5.6562500e+00   1.5572917e+01   1.2461823e+03   0.0000000e+00   0.0000000e+00   0.0000000e+00   0.0000000e+00   0.0000000e+00   0.0000000e+00   0.0000000e+00   0.0000000e+00   0.0000000e+00   0.0000000e+00   0.0000000e+00   0.0000000e+00   0.0000000e+00   0.0000000e+00   0.0000000e+00   0.0000000e+00   0.0000000e+00   0.0000000e+00
   8.9062500e+00   1.1889583e+01   1.2548594e+03   0.0000000e+00   0.0000000e+00   0.0000000e+00   0.0000000e+00   0.0000000e+00   0.0000000e+00   0.0000000e+00   0.0000000e+00   0.0000000e+00   0.0000000e+00   0.0000000e+00   0.0000000e+00   0.0000000e+00   0.0000000e+00   0.0000000e+00   0.0000000e+00   0.0000000e+00   0.0000000e+00
   3.2812500e+00   1.1039583e+01   1.2221927e+03   0.0000000e+00   0.0000000e+00   0.0000000e+00   0.0000000e+00   0.0000000e+00   0.0000000e+00   0.0000000e+00   0.0000000e+00   0.0000000e+00   0.0000000e+00   0.0000000e+00   0.0000000e+00   0.0000000e+00   0.0000000e+00   0.0000000e+00   0.0000000e+00   0.0000000e+00   0.0000000e+00
   1.0781250e+01   4.0979167e+00   1.2007552e+03   7.6523864e-02   1.8343713e-02   8.5948440e-02   1.4547244e-01   9.2899930e-02   2.3276181e-01   9.6317014e-02   2.8908843e-02   1.4200416e-01   1.6292078e-01   3.4171719e-01   4.8289495e-01   9.2828334e-02   7.8247476e-02   1.5098601e-01   1.5489842e-01   5.0722633e-01   1.2608514e-01
   5.0312500e+00   1.5289583e+01   1.1818698e+03   6.2519566e-02   4.6375441e-02   6.6647857e-02   2.1925794e-01   1.2049607e-01   3.2748445e-01   9.3201065e-02   0.0000000e+00   5.1966819e-02   2.2715617e-01   2.6504145e-01   2.6675333e-01   6.6988744e-02   3.6797483e-02   1.2768593e-01   5.9933867e-02   2.0318312e-01   3.5460374e-01
   7.2812500e+00   3.8145833e+00   1.2339323e+03   3.8867522e-02   2.8590684e-02   1.0757969e-01   6.9443190e-02   1.9662966e-01   2.4930215e-01   5.9017376e-02   7.8793975e-02   4.8485356e-02   8.6031642e-02   3.9204141e-01   5.6749678e-02   6.5081362e-02   6.8780683e-02   6.5696673e-02   7.3708807e-02   2.2622460e-01   3.0931362e-01
   1.0531250e+01   4.2395833e+00   1.1941198e+03   7.5135151e-02   4.0401294e-02   1.1246719e-01   6.5044711e-02   2.5970858e-01   3.8839991e-01   1.0299846e-01   3.1530512e-02   0.0000000e+00   4.0618740e-02   1.6415336e-01   3.0416030e-01   8.4895750e-02   3.1029609e-02   1.5885052e-01   1.3132060e-01   1.3265845e-01   4.0652073e-01
   1.3968750e+01   1.2243750e+01   1.1675781e+03   3.7692098e-02   5.3073295e-02   1.3354632e-01   9.4205043e-02   4.7386628e-01   2.2680124e-01   1.1816547e-01   5.4589821e-02   1.0060984e-01   5.2359939e-02   3.0896036e-01   2.6286928e-01   9.9796371e-02   4.3338389e-02   7.3679484e-02   1.9274891e-01   1.4831720e-01   1.3842217e-01
   1.3781250e+01   4.7354167e+00   1.2553698e+03   8.9368225e-02   2.4986234e-02   6.9790696e-02   1.5256604e-01   3.4965789e-01   1.0982277e-01   6.0449535e-02   9.4039539e-02   1.6651761e-01   6.5982550e-02   2.8604281e-01   1.7870674e-01   2.9029315e-02   4.1907394e-02   5.8005934e-02   9.0920477e-03   1.7704766e-01   1.3809072e-01
   9.5312500e+00   1.7556250e+01   1.1925885e+03   6.4589663e-02   6.1894929e-02   1.3015862e-01   1.1220223e-01   1.9468741e-01   2.8080619e-01   5.4509973e-02   6.4094127e-02   8.1108500e-02   8.3049316e-02   4.2398185e-01   3.1163277e-01   1.0371569e-01   3.6461584e-02   5.7869273e-02   2.3748455e-01   4.6369067e-01   2.8916574e-01
   2.5937500e+00   1.7272917e+01   1.2119844e+03   1.1269144e-02   7.3136580e-02   8.7257819e-02   6.3887067e-02   1.7136361e-01   4.4512965e-01   7.5144942e-02   4.8736475e-02   1.5633297e-01   1.6104257e-01   8.1812249e-02   1.6156085e-01   2.4687402e-02   7.4318103e-02   1.7934705e-01   7.0101606e-02   2.0119752e-01   3.3337915e-01
   2.4062500e+00   1.6068750e+01   1.2487344e+03   0.0000000e+00   3.2399032e-02   1.0195448e-01   2.6690838e-02   4.4172453e-01   1.0042229e-01   7.3492399e-02   3.5985331e-02   1.5876961e-01   0.0000000e+00   2.5009343e-01   8.1496871e-02   2.8933909e-02   2.7645544e-02   1.8631571e-01   1.6548330e-01   1.6374183e-01   3.5351457e-01
   3.5937500e+00   5.3729167e+00   1.2027969e+03   5.3630315e-02   9.7310081e-02   7.2614349e-02   1.0185865e-01   5.9169255e-01   2.1970684e-01   8.7734721e-02   5.4988411e-02   1.8692194e-01   1.3974774e-01   2.5668685e-01   3.0712309e-02   4.1482497e-02   8.3351292e-02   1.5073414e-02   1.9059781e-01   1.9397241e-01   2.5081366e-01
   1.2781250e+01   1.4368750e+01   1.2528177e+03   9.8306447e-02   1.2934205e-02   1.0734531e-01   1.1117841e-01   2.7092988e-01   3.7560352e-01   5.4512797e-02   8.1341545e-02   1.8683613e-01   7.6348666e-02   0.0000000e+00   2.0452388e-01   8.5514443e-02   8.7354150e-02   1.1574400e-01   2.0769334e-01   3.3929704e-01   2.2051348e-01
   4.0312500e+00   1.1960417e+01   1.2058594e+03   6.8161540e-02   5.0256417e-02   3.4811674e-01   9.1549199e-02   1.9014185e-01   9.9842744e-03   8.4847290e-02   1.5117073e-02   8.1947426e-02   1.9372262e-01   4.0601189e-01   1.7161325e-01   2.9063728e-02   9.4921620e-02   1.4074636e-01   9.2665065e-02   8.5533594e-02   3.3160264e-01
   1.2718750e+01   1.9468750e+01   1.2477135e+03   6.4195320e-02   1.6103556e-02   3.3797077e-01   1.0862674e-01   7.3418265e-02   3.2818072e-01   9.5268666e-02   6.0364109e-02   7.1447650e-02   7.1527232e-02   6.0115398e-01   3.0501878e-01   7.2959847e-02   6.1861525e-02   8.6850961e-02   1.2651968e-01   3.2839026e-01   4.9556656e-01
   3.7812500e+00   1.4156250e+01   1.2502656e+03   8.3992302e-02   5.1730401e-02   1.9668237e-01   5.6536568e-02   3.7187351e-01   3.4412005e-01   6.8048392e-02   8.6949777e-02   1.2802438e-01   1.2547235e-01   2.2097689e-01   6.2169859e-02   7.5371331e-02   8.1842284e-02   1.7256124e-01   1.1485207e-01   8.3588145e-02   3.6057302e-01
   1.4406250e+01   1.7131250e+01   1.2114740e+03   1.8956022e-02   2.1127628e-02   1.7420360e-01   1.5932709e-01   2.8621487e-01   2.7668546e-01   6.7290553e-02   1.8102315e-02   8.3446662e-02   6.6400889e-02   2.8587902e-01   2.2397057e-01   6.7316256e-02   1.1884573e-01   1.4090184e-01   8.7146182e-02   2.3364398e-01   2.6056712e-01
   5.9687500e+00   1.0614583e+01   1.1650260e+03   1.0704268e-01   4.4536408e-02   4.5116414e-02   0.0000000e+00   3.9567603e-01   1.5372074e-01   2.3302360e-02   8.3417660e-02   2.1579637e-01   8.2402520e-02   1.9192444e-01   6.1859318e-02   7.9830334e-02   6.4156041e-02   1.1544790e-01   1.4198186e-01   2.1637979e-02   1.7818574e-01
   3.1562500e+00   1.0402083e+01   1.2002448e+03   3.4567151e-02   3.9352915e-02   8.8462931e-02   1.3403842e-01   1.3641180e-01   2.4910817e-01   2.5849973e-02   8.3851145e-02   2.1124036e-01   1.0874129e-01   2.9803972e-01   4.7621760e-01   2.5848572e-02   5.6940935e-02   9.0161820e-02   1.4741521e-01   3.1699031e-01   3.1246883e-01
   4.9687500e+00   1.7839583e+01   1.2094323e+03   6.3680147e-02   2.5468691e-02   8.6287146e-02   1.6681459e-01   2.8007188e-01   2.6164832e-01   1.6829943e-02   3.4933243e-02   1.3094603e-01   1.1070029e-01   2.0252156e-01   2.3537843e-01   9.3987084e-02   1.1789008e-01   1.6731360e-01   1.0298030e-01   3.3660809e-01   1.8948694e-01
   8.9687500e+00   4.4520833e+00   1.1951406e+03   5.1138460e-02   0.0000000e+00   1.5845632e-01   7.1948178e-02   1.6824421e-01   3.6690640e-01   2.3616000e-02   1.5484101e-02   9.8304559e-02   9.2199188e-02   2.3727772e-01   4.0327612e-01   6.6047509e-02   0.0000000e+00   1.7808109e-01   1.3327250e-01   1.6405628e-01   2.7980570e-01
   7.0937500e+00   5.2312500e+00   1.1869740e+03   6.7173640e-02   8.0158119e-02   1.5518669e-01   1.2143187e-01   4.0936932e-01   3.3293974e-01   5.7653145e-02   7.6035606e-02   1.5692549e-01   1.9551991e-01   4.5226889e-01   3.1186789e-01   8.5314090e-02   4.8231588e-02   1.5433170e-01   2.9209886e-01   2.8969697e-01   3.4728102e-01
   4.7187500e+00   5.8687500e+00   1.2640469e+03   1.7338092e-03   1.2500445e-01   1.3177969e-01   1.4323664e-01   1.8110117e-01   2.0622092e-01   1.2033943e-02   8.7757991e-02   8.3982898e-02   1.5938370e-01   1.4409626e-01   3.6357436e-01   3.1765257e-02   1.3844930e-01   1.1001364e-01   1.2452712e-01   2.7035529e-01   3.6553412e-01
   1.2531250e+01   9.4812500e+00   1.2104531e+03   1.1012172e-01   1.3197899e-01   1.0373220e-01   8.6586341e-02   2.3907389e-01   4.5248468e-01   1.3268954e-01   8.0591812e-02   1.1718645e-01   2.4094671e-01   1.7801460e-01   1.0572265e-01   6.4125986e-02   4.7767060e-02   1.8256159e-01   1.6939393e-01   3.9488949e-01   3.2351724e-01
   9.2812500e+00   1.7627083e+01   1.2747656e+03   7.9556568e-02   4.7119450e-02   6.7134474e-02   1.2414730e-01   2.0652246e-01   2.4364586e-01   8.5602535e-02   8.6339035e-02   9.1845831e-02   1.0766883e-01   2.4051086e-01   4.0719444e-01   8.9924980e-02   4.4989735e-02   6.8319914e-02   9.6091290e-02   2.6604851e-01   4.2224178e-01
   9.7187500e+00   1.7202083e+01   1.2048385e+03   1.2531023e-01   6.1062408e-02   1.2533261e-01   1.5075709e-01   3.7424532e-01   1.4841287e-01   0.0000000e+00   2.5558530e-02   1.3159915e-01   1.9166442e-01   2.3344105e-01   4.3156655e-01   9.4191908e-02   2.4172895e-02   1.3402754e-01   9.2007631e-02   3.7993227e-01   4.8140062e-01
   1.2843750e+01   3.9562500e+00   1.2589427e+03   1.0677096e-01   4.7945406e-02   1.9619684e-01   6.6428150e-02   3.0355452e-01   1.9519751e-01   2.6420294e-02   8.0745240e-02   1.9552190e-01   0.0000000e+00   4.2991371e-01   0.0000000e+00   5.9864112e-02   8.7279699e-02   2.1227556e-01   1.0338831e-01   2.3540361e-01   1.2791904e-02
   4.8437500e+00   9.5520833e+00   1.2063698e+03   6.2858771e-02   6.4873357e-02   1.5171008e-01   1.7719731e-01   1.2447684e-01   3.5732625e-01   5.9150254e-02   4.4374697e-02   1.7140488e-01   1.6490524e-01   5.0390786e-01   2.2793900e-01   4.5771382e-03   0.0000000e+00   1.1314383e-01   1.6028486e-01   1.6896289e-01   2.7664478e-02
   1.1093750e+01   1.2102083e+01   1.2620052e+03   3.3154709e-02   3.3788449e-02   1.3631451e-01   1.9340865e-01   1.7091402e-01   2.7440199e-01   8.9725285e-03   4.4957275e-02   1.9647520e-01   1.4821659e-01   1.2772480e-01   1.6848973e-01   2.8224353e-02   3.7518902e-02   7.2260257e-02   7.4903803e-02   2.4525235e-01   1.3466985e-01
   1.0718750e+01   9.6229167e+00   1.2563906e+03   8.1591129e-03   2.5166709e-03   1.6609248e-01   1.4507380e-01   1.1928625e-01   3.6110777e-01   4.8128296e-02   1.3878235e-02   6.7830360e-02   1.0161379e-01   1.6987204e-01   2.6956673e-01   6.9332113e-02   8.0217972e-02   2.4646488e-01   9.1908259e-03   2.2508440e-01   2.5911455e-04
   6.4062500e+00   1.4510417e+01   1.2043281e+03   6.3030343e-02   6.1361152e-02   1.6151535e-01   1.2594455e-01   3.1321338e-01   2.5865273e-01   9.6593753e-02   9.6881514e-02   1.3623760e-01   1.6845927e-01   3.1505946e-01   1.4372178e-01   8.7320183e-02   6.2454909e-02   1.0956740e-01   1.2832600e-01   3.6020873e-01   2.0536249e-01
   9.4062500e+00   1.3872917e+01   1.1900365e+03   6.9348722e-02   2.4214821e-02   2.3971794e-02   5.2219216e-02   2.9149422e-01   5.6085267e-01   5.7378742e-02   6.7970572e-02   6.3540761e-02   1.7985180e-01   2.0241250e-01   2.8488074e-01   7.6972631e-02   8.1997646e-02   1.5260120e-01   9.7724049e-02   2.4298199e-01   2.0794991e-01
   1.5625000e-01   8.0645833e+00   1.2614948e+03   9.5181894e-02   3.0489276e-03   1.2617340e-01   1.5592755e-01   4.5573435e-02   4.1794610e-02   6.0398735e-02   9.3862853e-02   1.4905179e-01   1.8960035e-01   4.9910649e-01   3.2463672e-01   4.3355312e-02   6.6451276e-02   7.4774282e-02   1.4250047e-01   1.4484514e-01   2.8130325e-01
   9.3750000e-02   1.0260417e+01   1.2819115e+03   3.2781792e-02   1.3669527e-01   9.8377453e-02   4.9009438e-02   1.1644974e-02   1.9800901e-01   3.1200236e-02   1.0971901e-01   1.4535610e-01   1.5123696e-01   4.5448378e-01   2.8058959e-01   1.3263749e-01   8.3777119e-02   1.4297559e-01   1.3028787e-01   2.3064452e-01   2.8577024e-01
   7.9062500e+00   3.1770833e+00   1.1997344e+03   8.7337419e-02   5.5207946e-02   0.0000000e+00   2.2442425e-01   2.4495016e-01   2.3947192e-01   4.5135580e-02   2.6961280e-02   2.0601940e-01   1.6256683e-01   3.1987736e-01   2.3520669e-01   6.4760863e-02   2.2268253e-02   1.5418863e-01   1.7056994e-01   3.9857433e-01   1.6422893e-01
   1.2093750e+01   1.9822917e+01   1.2456719e+03   6.4732182e-02   7.5121273e-02   4.1965466e-02   1.5790469e-01   3.3714917e-01   2.6115649e-01   2.0263864e-02   8.2594325e-02   1.9370184e-01   8.2873855e-02   3.2045470e-01   8.8824015e-02   8.9547325e-02   6.9315152e-02   1.2528510e-01   1.8129707e-01   1.9813659e-01   1.4833569e-01
   1.3656250e+01   5.7270833e+00   1.2109635e+03   3.8322284e-02   9.9764644e-02   1.0500715e-01   1.4155116e-01   2.7110032e-01   4.3201840e-01   7.3881604e-02   6.2101249e-02   1.6582644e-01   5.6551346e-02   2.0770042e-01   2.5719546e-01   4.9509485e-02   1.3544779e-02   1.4538065e-01   4.2147607e-02   1.6767290e-01   3.4917532e-01
   7.1875000e-01   4.6645833e+00   1.2655781e+03   8.6692558e-02   9.8512860e-03   1.7658940e-01   1.0040013e-01   5.7025459e-02   2.7743169e-01   4.8368512e-02   9.1070616e-02   9.3432913e-02   1.0827395e-01   3.4545592e-01   1.8488339e-01   2.7658184e-02   8.6977560e-02   2.0028667e-01   2.9713823e-02   3.7299883e-01   2.0225684e-01
   8.1562500e+00   9.1979167e+00   1.2579219e+03   7.0801710e-02   7.5410892e-02   1.1066920e-01   0.0000000e+00   5.6024701e-02   2.3564034e-01   8.6980187e-02   9.7115456e-02   9.5250387e-02   1.3665940e-01   3.9093029e-01   9.0121639e-02   8.3914138e-02   5.2794690e-02   3.7242760e-02   1.5640208e-01   2.6265344e-01   7.8599479e-02
   7.3437500e+00   6.6479167e+00   1.1839115e+03   5.5152952e-02   7.8179538e-02   1.4139068e-01   5.0271598e-02   3.5838473e-01   2.5857531e-01   1.0116365e-01   8.8139733e-02   0.0000000e+00   1.8443404e-01   2.6769640e-01   2.4297160e-01   9.4927288e-02   8.2978888e-02   1.3784772e-01   1.4414946e-01   2.0466177e-01   2.5128843e-01
   3.1250000e-02   1.1393750e+01   1.2711927e+03   1.2116538e-01   6.5095761e-02   6.8876278e-02   1.4783302e-01   2.3182838e-01   3.4393686e-01   9.6162443e-02   3.6949630e-02   9.6980966e-02   7.5592579e-02   4.9101676e-01   2.2378996e-01   1.1944411e-01   4.5704145e-02   5.5026316e-04   6.6302471e-02   1.5764652e-01   2.7551651e-01
   4.4687500e+00   8.6312500e+00   1.2849740e+03   8.1538731e-02   6.7431189e-02   0.0000000e+00   2.7577769e-01   2.0171979e-01   1.6382162e-01   6.1411215e-02   5.8547337e-02   2.8050217e-02   9.4407626e-02   3.3382974e-01   2.7401269e-01   4.5969110e-02   7.2770106e-02   1.2677556e-01   2.0233763e-01   6.5019699e-02   1.9862181e-01
   2.9062500e+00   1.9114583e+01   1.2216823e+03   5.9053941e-02   4.6001796e-02   1.3086980e-01   1.7126545e-01   4.1452551e-01   3.0635170e-01   4.6750396e-02   7.0754466e-02   1.8311411e-01   3.1090462e-01   2.3623610e-01   3.7404154e-01   1.1626040e-02   9.5439749e-02   2.4565721e-01   1.2706324e-01   2.6917147e-01   3.3294515e-01
   1.2031250e+01   1.8760417e+01   1.2737448e+03   7.1170546e-02   8.5095647e-02   6.5551158e-02   1.4435915e-01   1.5044197e-01   5.4371918e-02   2.4249407e-02   1.6120400e-01   1.8137125e-01   8.6088415e-02   2.9637028e-01   3.2203052e-01   1.1304070e-01   6.3439628e-04   1.8382105e-01   1.3272302e-01   2.1037282e-01   2.7822277e-01
   4.2187500e+00   3.8854167e+00   1.2349531e+03   6.5220185e-02   3.5939323e-02   1.9828687e-01   9.1125801e-02   2.6693017e-01   2.4015051e-01   6.6203409e-02   1.0083179e-01   1.3364297e-01   2.4501894e-01   3.8707434e-01   4.1322297e-01   7.0754273e-02   4.1441192e-03   1.2456722e-01   1.4212121e-01   2.8986478e-01   2.2339461e-01
   9.0312500e+00   1.6352083e+01   1.1823802e+03   6.7924783e-02   3.7612998e-02   2.3344349e-01   1.3264270e-01   3.0222580e-01   1.3227600e-01   9.2483547e-02   1.3501985e-01   1.0134952e-01   1.8507181e-01   2.0022961e-01   1.5883677e-01   2.7276682e-02   5.2388853e-03   1.0385990e-01   1.7213536e-01   6.7931677e-02   2.4449568e-01
   2.2187500e+00   7.8520833e+00   1.1874844e+03   7.6674724e-02   8.5166799e-02   1.0176900e-01   1.8514246e-01   3.5248496e-01   1.6839231e-01   5.1845924e-02   7.5453058e-02   1.3394152e-01   9.0137302e-02   2.3931718e-01   1.4192816e-01   4.5025754e-02   8.9018504e-02   1.5801661e-01   2.2028109e-01   4.1522931e-01   3.0727273e-01
   9.4687500e+00   9.8354167e+00   1.2079010e+03   4.3640062e-02   1.1520451e-01   1.9955401e-01   1.0912657e-01   1.4320583e-01   2.8531615e-01   5.7083802e-02   6.9119736e-02   2.2531492e-01   1.1834030e-01   5.4666093e-01   2.3813488e-01   3.7223589e-02   7.5162102e-02   1.9105622e-01   1.0862651e-01   3.1090049e-01   1.9482283e-01
   4.1562500e+00   1.2597917e+01   1.2558802e+03   3.7593002e-02   5.0425182e-02   1.8460300e-01   2.4323475e-01   2.9466482e-01   1.0936512e-01   8.1759391e-02   8.1661465e-02   2.0931975e-01   1.1155242e-01   1.9075987e-01   4.2290174e-01   9.8781384e-02   4.0548249e-02   1.2592129e-01   1.6832281e-02   5.4171719e-02   1.1813166e-01
   1.0593750e+01   1.8972917e+01   1.2645573e+03   7.3770278e-02   4.6716300e-02   3.6559717e-02   4.8734116e-02   5.9355832e-01   1.2637824e-01   8.9497480e-02   4.6006970e-02   9.6972368e-02   1.5459311e-01   3.6829261e-01   4.1296017e-01   8.1003290e-02   1.0934519e-01   2.2592258e-01   1.8834152e-01   3.8213245e-01   2.3055197e-01
   1.0156250e+01   9.6937500e+00   1.2609844e+03   1.2140911e-01   7.5252309e-02   1.2291523e-01   1.0148518e-01   6.0877876e-02   6.0517655e-02   1.8221432e-02   1.0130004e-01   1.3552571e-01   2.1035256e-01   3.5227020e-01   2.3427348e-01   7.0085865e-02   6.6806090e-02   7.4009065e-02   6.7016494e-02   1.7655278e-01   2.6614348e-01
   1.2156250e+01   1.9752083e+01   1.1976927e+03   5.2911818e-02   9.6011129e-02   1.4131986e-01   1.2827682e-01   3.0424738e-01   0.0000000e+00   6.8748499e-02   5.7574041e-02   5.4968957e-02   2.2637268e-02   4.4862136e-01   1.7539078e-01   7.0014921e-02   1.2911831e-02   1.4005473e-04   2.0273002e-01   2.8777770e-01   3.1367854e-01
   6.7812500e+00   8.2062500e+00   1.2247448e+03   3.0852376e-02   9.2749465e-02   1.5768716e-01   2.8791437e-03   2.2127903e-01   2.3105979e-01   6.8619589e-02   1.9574944e-02   1.5004568e-01   2.5148305e-01   3.1575150e-01   5.9919209e-02   3.6828113e-02   3.0651703e-02   7.8238037e-02   8.8156956e-02   2.7743280e-01   2.4623456e-01
   1.6562500e+00   1.5785417e+01   1.1726823e+03   5.5045453e-02   7.0942048e-02   1.6729918e-01   1.6033879e-01   1.4661420e-01   3.9534305e-01   5.7777112e-02   8.9713692e-02   1.7119142e-01   1.7361183e-01   0.0000000e+00   3.3398020e-01   9.3534754e-02   1.9211446e-02   1.1254350e-01   2.1821761e-01   1.4022486e-01   1.9282938e-01
   4.0937500e+00   1.4652083e+01   1.1752344e+03   4.7374537e-02   4.2674796e-02   1.6714973e-01   1.2986215e-01   1.4600217e-01   2.2725796e-01   9.0399505e-02   1.3483334e-02   1.8125279e-01   9.0693630e-02   1.4343401e-01   2.5285554e-01   7.3324835e-02   9.2340201e-02   1.0170250e-01   7.4626369e-02   0.0000000e+00   3.2454195e-01
   1.4281250e+01   1.2668750e+01   1.1788073e+03   5.2270484e-02   8.2180099e-02   1.6739993e-01   1.3004382e-01   3.1223744e-01   2.2075581e-01   5.1119057e-02   4.8670970e-03   2.9298858e-02   1.1712429e-01   3.1396693e-01   1.0277643e-01   5.4339577e-02   4.3714990e-02   7.2039302e-02   5.5462559e-02   3.1694441e-01   2.3580894e-01
   2.2812500e+00   1.5431250e+01   1.2472031e+03   7.7359937e-02   6.0023945e-02   1.0546377e-01   1.7466924e-01   5.3945326e-01   1.1915824e-01   3.6681603e-02   7.1512807e-02   1.5653880e-01   1.4372378e-01   2.8222186e-01   2.0817773e-01   5.6727722e-02   2.5878412e-02   2.0857738e-01   1.8480872e-01   2.0724534e-01   3.5087805e-01
   1.3218750e+01   1.4722917e+01   1.2196406e+03   5.8437347e-02   1.0552966e-01   1.4870274e-01   1.9023056e-01   1.5077179e-01   4.4791486e-01   7.1125353e-02   3.2784027e-02   7.0986585e-02   1.4351070e-01   4.9530592e-01   2.1318099e-02   5.9320781e-02   4.4465303e-02   2.3980171e-02   3.9809276e-02   1.7526764e-01   2.3877466e-01
   8.2187500e+00   6.0812500e+00   1.1854427e+03   4.3926460e-02   1.8493360e-02   0.0000000e+00   1.7513654e-01   3.1761995e-01   2.1882332e-01   7.6868666e-02   3.4039622e-02   1.0146532e-01   2.0004893e-01   4.2578936e-01   3.0374870e-01   3.4779902e-02   3.6361546e-02   9.4261400e-02   1.6753656e-01   3.0236409e-01   2.4921348e-01
   1.4343750e+01   5.1604167e+00   1.2186198e+03   4.8632284e-02   6.6913490e-02   5.1978081e-02   9.5698477e-02   1.8011733e-01   4.1175238e-01   5.5702917e-02   5.7439088e-02   1.7425065e-01   1.9313580e-01   3.1210422e-01   2.2825082e-01   8.5668034e-02   8.9155298e-02   6.4418652e-02   1.5236398e-01   1.6378991e-01   2.3851742e-01
   1.9687500e+00   1.9893750e+01   1.1813594e+03   2.1170949e-02   1.0280373e-01   2.0012285e-01   1.2208798e-01   4.9707076e-01   2.9524752e-01   8.7378843e-02   4.7221820e-02   1.4363785e-01   1.0258105e-01   2.6035382e-01   4.5390530e-01   1.0600650e-01   7.7416599e-02   9.5368255e-02   1.1604578e-01   3.3389888e-01   1.3484521e-01
   6.7187500e+00   5.9395833e+00   1.1696198e+03   3.5639964e-02   4.7033241e-02   8.3703838e-02   1.4709081e-01   3.1808255e-01   2.1711844e-01   1.5061795e-02   5.5538062e-02   1.1476614e-01   1.1687952e-01   5.6440267e-02   8.0071497e-02   1.3980938e-01   7.1947502e-02   8.3364761e-02   1.0365422e-01   2.6886218e-01   1.3413106e-01
   2.8125000e-01   3.4604167e+00   1.2686406e+03   9.4961854e-02   1.1129690e-01   3.7614322e-01   1.8346201e-01   5.5324663e-01   4.3042251e-01   1.0566827e-01   1.3250828e-01   2.5753811e-01   2.5736971e-01   3.4767770e-01   4.2956682e-01   9.7083666e-02   1.1531565e-01   2.5627196e-01   4.3047777e-01   5.8452632e-01   3.3877880e-01
   1.4593750e+01   1.2810417e+01   1.2288281e+03   1.8077593e-01   1.3572565e-01   2.7839645e-01   1.4725531e-01   4.9463363e-01   4.2306262e-01   1.5000360e-01   9.2306835e-02   1.5978010e-01   1.5605908e-01   4.4601521e-01   4.4080324e-01   1.6006493e-01   1.1267593e-01   3.0477229e-01   3.0744596e-01   5.6832433e-01   4.5001888e-01
   2.1875000e-01   1.7981250e+01   1.2778281e+03   1.1874409e-01   1.2317489e-01   2.4736849e-01   3.4884686e-01   3.4471712e-01   7.0056915e-01   1.3833425e-01   1.4433493e-01   2.8639663e-01   3.0761470e-01   3.9563234e-01   2.8705819e-01   1.4924465e-01   1.1657067e-01   2.9379339e-01   2.7536181e-01   5.9374858e-01   5.9692538e-01
   1.1281250e+01   1.4793750e+01   1.2492448e+03   1.5438786e-01   2.0421796e-01   2.7863546e-01   2.6828838e-01   4.3688104e-01   5.9606193e-01   1.1023966e-01   1.6578232e-01   2.3865841e-01   2.6020281e-01   5.2246001e-01   4.9328499e-01   1.5507799e-01   1.2224593e-01   2.9075099e-01   3.6976149e-01   4.0877013e-01   6.1526875e-01
   1.1843750e+01   6.4354167e+00   1.2329115e+03   1.3591114e-01   1.3870767e-01   2.3349099e-01   1.7577446e-01   5.4073141e-01   5.1086668e-01   1.3362349e-01   1.5698410e-01   2.5262561e-01   1.9908307e-01   6.4578780e-01   3.8983199e-01   1.6439950e-01   1.2525091e-01   2.6115815e-01   9.6519526e-02   6.0415031e-01   6.9306698e-01
   1.2468750e+01   8.9854167e+00   1.2630260e+03   1.8310251e-01   1.3867243e-01   2.3175093e-01   3.1724605e-01   3.6107208e-01   7.1304489e-01   1.5575710e-01   5.8894298e-02   2.7261512e-01   2.7523188e-01   5.0699824e-01   6.5698643e-01   1.2162755e-01   2.0411861e-01   3.5475065e-01   2.4430854e-01   3.5018119e-01   3.7380472e-01
   4.0625000e-01   1.0685417e+01   1.2742552e+03   1.5397100e-01   9.8822625e-02   2.2582512e-01   1.6891427e-01   5.5852304e-01   5.0295423e-01   1.5603461e-01   1.4630403e-01   3.0335716e-01   2.9725984e-01   2.3749477e-01   5.1948019e-01   1.0696383e-01   8.6773654e-02   2.2968141e-01   2.4845750e-01   5.7734668e-01   6.0708830e-01
   6.5312500e+00   1.9539583e+01   1.2834427e+03   8.6657380e-02   8.4140543e-02   2.1537544e-01   2.4238936e-01   5.4032661e-01   5.3625535e-01   1.4588154e-01   1.2527216e-01   1.9938925e-01   3.8652748e-01   6.5441214e-01   5.0686659e-01   1.4142602e-01   9.1507794e-02   2.5632174e-01   2.6249600e-01   3.9594842e-01   5.4066082e-01
   3.9687500e+00   5.6562500e+00   1.1640052e+03   1.1477378e-01   1.4981696e-01   1.9101700e-01   2.9629822e-01   5.1250268e-01   3.2251260e-01   1.2296880e-01   1.3544604e-01   1.5830933e-01   2.4413859e-01   5.0033394e-01   6.7481906e-01   1.6099874e-01   1.3268933e-01   2.1395674e-01   1.8510533e-01   3.7868815e-01   6.5655484e-01
   1.2218750e+01   1.7910417e+01   1.2717031e+03   1.5286395e-01   1.1883551e-01   2.4625949e-01   1.9745515e-01   5.3767932e-01   5.5940919e-01   1.0562192e-01   1.0789335e-01   2.4350649e-01   2.3161212e-01   4.4255790e-01   2.7804395e-01   1.5182434e-01   1.2341839e-01   2.4615449e-01   2.8308543e-01   4.4331115e-01   5.2751982e-01
   7.0312500e+00   1.4085417e+01   1.2359740e+03   1.3400580e-01   1.4528603e-01   2.1408220e-01   2.2815807e-01   5.0297795e-01   3.1908512e-01   1.3200326e-01   7.3406739e-02   1.9856791e-01   2.1844965e-01   2.3710293e-01   5.4120676e-01   1.5454926e-01   1.0218279e-01   2.9534924e-01   1.1143008e-01   3.3716156e-01   6.0189959e-01
   1.3156250e+01   9.0562500e+00   1.2844635e+03   1.9578736e-01   9.9016429e-02   3.4011596e-01   2.5185200e-01   4.9724316e-01   3.7646500e-01   1.1043324e-01   1.5289979e-01   2.7656134e-01   1.2956256e-01   5.4674021e-01   3.6776215e-01   1.7206658e-01   1.3521835e-01   1.7329114e-01   2.5671352e-01   5.0199685e-01   6.4242777e-01
   2.0937500e+00   6.3645833e+00   1.2237240e+03   1.2350343e-01   1.5299856e-01   2.6472042e-01   3.7202334e-01   4.9890526e-01   6.1867244e-01   1.1462228e-01   1.0915451e-01   1.3408223e-01   2.8258629e-01   5.3064756e-01   4.1957885e-01   1.3422931e-01   1.4853097e-01   2.6193316e-01   2.7743184e-01   6.3883240e-01   4.4853613e-01
   4.3437500e+00   1.0331250e+01   1.2170885e+03   7.6504248e-02   6.8328549e-02   3.1383603e-01   2.7868897e-01   6.1618189e-01   5.4390300e-01   1.5390046e-01   1.1469403e-01   3.0366094e-01   1.2159930e-01   5.4232240e-01   5.3230510e-01   1.6262803e-01   8.8946202e-02   2.0407385e-01   2.4743791e-01   4.6882826e-01   4.4236686e-01
   1.4687500e+00   1.1322917e+01   1.2625156e+03   1.3887760e-01   1.7395886e-01   2.4126059e-01   2.2504300e-01   4.8869596e-01   3.9096480e-01   1.7021955e-01   1.3026106e-01   2.6914960e-01   2.3313516e-01   3.6524185e-01   6.1146179e-01   1.2462982e-01   1.1225415e-01   2.9927403e-01   2.7276932e-01   5.6196270e-01   3.3386892e-01
   1.2187500e+00   5.0187500e+00   1.1915677e+03   9.6505660e-02   1.5145315e-01   2.4490306e-01   2.3591346e-01   1.6985678e-01   4.5023410e-01   1.4361975e-01   2.0427313e-01   1.8052739e-01   2.3281050e-01   4.0872971e-01   3.9542220e-01   1.4967189e-01   8.4752924e-02   1.2716361e-01   2.0226890e-01   5.2025469e-01   4.8906248e-01
   1.3468750e+01   1.3164583e+01   1.2201510e+03   1.2654483e-01   1.2844234e-01   3.2864042e-01   2.3248232e-01   4.3923125e-01   5.3205449e-01   1.8916470e-01   1.9667583e-01   2.3017245e-01   3.0282155e-01   3.8545909e-01   5.6914353e-01   8.1138056e-02   1.2761180e-01   1.2777974e-01   2.8434525e-01   6.5147762e-01   5.4443075e-01
   7.9687500e+00   6.7187500e+00   1.2762969e+03   1.5868893e-01   8.8715577e-02   3.4178338e-01   3.3167029e-01   5.2449620e-01   5.2750318e-01   7.7210927e-02   8.3791846e-02   3.0236642e-01   7.6801160e-02   7.2344415e-01   6.8230116e-01   1.7319081e-01   1.3011873e-01   3.5151835e-01   2.2658515e-01   4.8021055e-01   4.0710766e-01
   8.3437500e+00   9.2687500e+00   1.2308698e+03   1.3463059e-01   1.1257701e-01   2.5205880e-01   2.3222655e-01   6.1996528e-01   2.8606993e-01   1.2570899e-01   1.1018329e-01   4.0165408e-01   3.0737968e-01   3.9744956e-01   3.9311473e-01   6.9534163e-02   1.4633046e-01   2.4066125e-01   1.4630257e-01   5.3662138e-01   5.0900384e-01
   1.7187500e+00   1.2881250e+01   1.2676198e+03   1.3436370e-01   1.3294670e-01   3.5577988e-01   2.0051809e-01   6.7254055e-01   3.4928059e-01   1.2797765e-01   1.5585569e-01   2.2805691e-01   2.1754660e-01   4.7541108e-01   3.7598467e-01   1.3142677e-01   9.1051012e-02   1.2698324e-01   2.3061071e-01   8.0846430e-01   4.5544958e-01
   1.2281250e+01   7.1437500e+00   1.2543490e+03   1.1883692e-01   1.6274342e-01   2.7973303e-01   2.6503868e-01   3.8231705e-01   2.7838579e-01   1.7545395e-01   6.0217924e-02   3.3637261e-01   1.6918674e-01   3.8873203e-01   4.9853757e-01   1.1418094e-01   1.3429664e-01   1.4461641e-01   2.1125356e-01   6.4327922e-01   4.4603853e-01
   9.1562500e+00   8.1354167e+00   1.2334219e+03   1.2042430e-01   9.2701825e-02   2.7303314e-01   2.4408463e-01   5.9510851e-01   4.9093854e-01   1.4066479e-01   1.6387582e-01   1.9620903e-01   2.4945512e-01   6.1384358e-01   5.7836384e-01   8.8781786e-02   1.2052162e-01   2.4456739e-01   1.8596305e-01   3.8326961e-01   5.9741602e-01
   6.1562500e+00   1.3731250e+01   1.1930990e+03   1.2177904e-01   1.6547334e-01   3.8700005e-01   2.9957717e-01   5.2974006e-01   2.8486064e-01   1.1487999e-01   1.1514876e-01   2.6293065e-01   2.6458454e-01   4.9846684e-01   5.0018740e-01   1.3549457e-01   1.6849855e-01   2.6921163e-01   2.8156241e-01   6.3997401e-01   6.0204057e-01
   7.5937500e+00   7.4979167e+00   1.2451615e+03   3.7531814e-02   2.1150384e-01   3.4598032e-01   3.0996497e-01   4.7395332e-01   5.8773515e-01   1.4231927e-01   1.6872794e-01   2.3703142e-01   2.2348777e-01   5.0910181e-01   3.9795916e-01   1.3538260e-01   1.3458586e-01   2.7109660e-01   2.5252957e-01   3.8447166e-01   6.4353800e-01
   7.4062500e+00   1.7768750e+01   1.1716615e+03   1.3728985e-01   1.0952040e-01   3.0670376e-01   3.1794393e-01   5.0309240e-01   3.7431650e-01   1.4507636e-01   9.7503706e-02   2.7126606e-01   1.5815946e-01   6.1742704e-01   5.1439344e-01   1.6910029e-01   1.0821299e-01   3.1668698e-01   2.3407936e-01   5.0123837e-01   3.6438001e-01
   1.1562500e+00   1.9610417e+01   1.2375052e+03   1.5594522e-01   1.3964892e-01   2.7514122e-01   2.9044804e-01   4.9648861e-01   3.6169665e-01   1.3070703e-01   9.6172736e-02   2.1886799e-01   3.2540127e-01   5.8440467e-01   5.2588358e-01   1.2927697e-01   1.1784587e-01   2.7080884e-01   2.1576651e-01   5.3617086e-01   4.8298472e-01
   3.8437500e+00   1.6210417e+01   1.2436302e+03   8.4448972e-02   1.0445947e-01   2.1635112e-01   2.8953439e-01   5.1754489e-01   7.2381999e-01   6.1641363e-02   1.9732509e-01   1.6116283e-01   2.6233389e-01   5.9824607e-01   4.4442977e-01   1.4305088e-01   1.0824311e-01   2.4540727e-01   3.5478712e-01   6.0875038e-01   5.8188647e-01
   8.4375000e-01   8.8437500e+00   1.2533281e+03   7.7438489e-02   7.1345086e-02   2.4279903e-01   3.6895477e-01   5.2969827e-01   7.7029802e-01   1.5697128e-01   1.4337541e-01   2.3307662e-01   2.0582028e-01   2.3340741e-01   3.5993878e-01   1.3259650e-01   1.6996941e-01   3.1548480e-01   3.2331268e-01   4.5034228e-01   3.3831737e-01
   2.3437500e+00   1.2952083e+01   1.2752760e+03   1.4440660e-01   1.7095372e-01   3.6387500e-01   1.7749840e-01   4.1605641e-01   3.9759031e-01   1.5889318e-02   1.1531976e-01   2.7747894e-01   3.2602295e-01   5.2749120e-01   5.5441975e-01   1.7086472e-01   1.0902813e-01   3.7867893e-01   2.3818367e-01   5.6723222e-01   7.4084250e-01
   2.6562500e+00   4.9479167e+00   1.2824219e+03   7.7889919e-02   1.4669179e-01   1.2365583e-01   2.2829317e-01   3.6937500e-01   4.9536880e-01   1.2842155e-01   9.2719870e-02   2.1836601e-01   2.7294815e-01   6.2078569e-01   5.0213608e-01   1.6032981e-01   7.4786392e-02   2.5166833e-01   2.5541079e-01   7.2121709e-01   5.2915647e-01
   6.8437500e+00   1.8618750e+01   1.2584323e+03   7.2518683e-02   1.0904072e-01   2.1018891e-01   1.4405846e-01   6.2072083e-01   7.4537550e-01   7.6520891e-02   1.5947971e-01   2.3847824e-01   1.7078028e-01   5.4374926e-01   4.5462680e-01   1.2533291e-01   1.1871116e-01   2.3496723e-01   3.4453501e-01   2.6181438e-01   4.3187221e-01
   9.6875000e-01   1.8193750e+01   1.2318906e+03   1.4965551e-01   1.2854336e-01   2.3819980e-01   3.0746163e-01   4.7253043e-01   4.3246670e-01   1.1390278e-01   1.3569090e-01   2.7512494e-01   2.8881563e-01   6.1272691e-01   4.2109532e-01   1.2888543e-01   1.6073448e-01   3.1490470e-01   3.6207942e-01   3.6540648e-01   6.2910156e-01
   1.3531250e+01   1.7343750e+01   1.2768073e+03   1.0455368e-01   1.1781853e-01   2.5926719e-01   2.5134570e-01   6.7681698e-01   7.1468797e-01   1.6870492e-01   5.4250212e-02   2.8370177e-01   1.3778409e-01   7.6514855e-01   4.3745938e-01   1.8060722e-01   1.4572785e-01   2.1829842e-01   3.1891378e-01   6.4936761e-01   5.4714207e-01
   1.3906250e+01   7.3562500e+00   1.2313802e+03   1.6390322e-01   7.9320849e-02   1.3850750e-01   2.3129123e-01   3.8447667e-01   6.0247604e-01   1.0895391e-01   9.6772318e-02   2.0415042e-01   1.8388503e-01   6.5607333e-01   3.9160085e-01   1.1751649e-01   1.3012764e-01   1.5730752e-01   2.2963453e-01   4.6325644e-01   5.1365692e-01
   8.5937500e+00   1.3235417e+01   1.1645156e+03   8.4616737e-02   3.4926996e-02   2.8306672e-01   1.4243651e-01   4.2573240e-01   5.0694010e-01   1.8491186e-01   2.1781340e-01   2.3322675e-01   2.5947153e-01   3.5960178e-01   3.6998836e-01   1.5181226e-01   1.8079392e-01   2.4334451e-01   2.1357407e-01   4.9522777e-01   4.1497646e-01
   7.2187500e+00   3.3895833e+00   1.1772760e+03   1.0580149e-01   1.2351664e-01   2.9560824e-01   2.6146449e-01   6.7765943e-01   4.5585933e-01   1.4932533e-01   1.2463230e-01   3.0441240e-01   2.7570400e-01   3.9623937e-01   6.5817893e-01   9.7551413e-02   1.0663402e-01   2.6532900e-01   2.9697420e-01   6.1549182e-01   2.7932595e-01
   4.9062500e+00   1.0047917e+01   1.2722135e+03   1.3255298e-01   1.1054794e-01   1.9124157e-01   2.3376673e-01   6.7595096e-01   7.1164366e-01   1.1729828e-01   6.2514404e-02   2.7067253e-01   2.5440611e-01   4.8477766e-01   4.6981777e-01   1.0118919e-01   1.3309488e-01   2.5911206e-01   1.9601661e-01   7.7788264e-01   3.7955403e-01
   1.3093750e+01   8.3479167e+00   1.2165781e+03   1.4216716e-01   1.0697982e-01   2.3379457e-01   1.6532569e-01   3.7137491e-01   5.8888130e-01   9.6764636e-02   9.7249522e-02   1.6575646e-01   1.2918584e-01   4.1967612e-01   2.8387107e-01   1.5196196e-01   9.7755203e-02   1.8011966e-01   1.8307028e-01   3.3726307e-01   4.1929592e-01
   5.2187500e+00   5.5145833e+00   1.2671094e+03   1.3961357e-01   9.8563489e-02   1.7415345e-01   1.7765987e-01   5.2581403e-01   4.2090451e-01   1.0950305e-01   1.1187805e-01   3.4674199e-01   3.0117013e-01   4.9013125e-01   4.3896989e-01   1.4525954e-01   1.0037761e-01   2.1269118e-01   2.2779770e-01   3.8637614e-01   5.5656597e-01
   1.0937500e+00   6.1520833e+00   1.1905469e+03   1.3098303e-01   6.8211390e-02   3.5153435e-01   2.0237585e-01   6.6763891e-01   5.4909080e-01   1.3670296e-01   1.4670557e-01   2.1146020e-01   3.2885982e-01   6.5351410e-01   6.3254804e-01   1.5806538e-01   1.1423938e-01   2.0753199e-01   3.0974247e-01   4.9031248e-01   5.7681228e-01
   1.1406250e+01   9.9062500e+00   1.2283177e+03   1.1781860e-01   1.0869592e-01   2.7334453e-01   2.3435628e-01   6.6658957e-01   3.9025480e-01   5.0920872e-02   1.1991398e-01   2.0633931e-01   3.2295893e-01   4.3357927e-01   4.3273075e-01   1.0521277e-01   1.4523803e-01   3.0969090e-01   2.5995510e-01   5.0006381e-01   4.0183742e-01
   5.5937500e+00   4.5229167e+00   1.2385260e+03   1.0689947e-01   1.3004487e-01   2.3431926e-01   1.4695231e-01   3.3938816e-01   5.1861818e-01   1.4422069e-01   1.2817427e-01   1.6102531e-01   2.1435438e-01   4.6423690e-01   7.2216721e-01   1.5681217e-01   1.8919146e-01   2.4182497e-01   2.6530886e-01   5.1335693e-01   6.0352202e-01
   4.5312500e+00   1.3447917e+01   1.1660469e+03   1.4001504e-01   9.1818410e-02   1.9215901e-01   2.3862559e-01   7.0229699e-01   6.9148476e-01   1.3373328e-01   1.2444192e-01   2.4314798e-01   2.2538140e-01   4.7154929e-01   4.0256015e-01   1.3037268e-01   1.4996693e-01   2.9058776e-01   3.2029685e-01   4.6094193e-01   5.8342713e-01
   5.9062500e+00   1.0968750e+01   1.2364844e+03   1.1291148e-01   1.3907793e-01   2.5616627e-01   2.8848045e-01   5.8270547e-01   5.6648097e-01   1.5058953e-01   9.4989778e-02   2.4358049e-01   1.8641037e-01   5.8431540e-01   4.0587851e-01   1.2351643e-01   9.1528829e-02   2.8740719e-01   2.6466424e-01   6.5245584e-01   4.8431239e-01
   1.2812500e+00   1.5502083e+01   1.2038177e+03   1.3817549e-01   1.1647506e-01   3.5526749e-01   2.2645786e-01   5.2841831e-01   4.0504161e-01   1.8898458e-01   1.6165018e-01   2.2983021e-01   2.6563787e-01   6.2960500e-01   3.7085833e-01   1.7778580e-01   1.1858889e-01   2.3796872e-01   1.7883985e-01   3.8630483e-01   3.8109639e-01
   2.5312500e+00   1.5643750e+01   1.1680885e+03   1.5899081e-01   1.2182955e-01   2.6720371e-01   2.0637280e-01   4.7180298e-01   5.4349802e-01   1.1488299e-01   1.1358523e-01   1.9752579e-01   2.6575780e-01   4.8131718e-01   6.4547981e-01   1.6990764e-01   1.0767365e-01   1.2620007e-01   3.0263085e-01   5.2549708e-01   6.1150500e-01
   1.4468750e+01   1.3943750e+01   1.2175990e+03   5.4708378e-02   8.0340439e-02   2.7208059e-01   2.6900765e-01   3.7925082e-01   4.1277466e-01   9.4358053e-02   1.1051842e-01   1.4621556e-01   2.0178257e-01   4.6036483e-01   4.2748674e-01   5.4653803e-02   1.1584553e-01   2.7268364e-01   2.7977136e-01   6.2371843e-01   4.8378480e-01
   1.4093750e+01   3.7437500e+00   1.1864635e+03   1.8139000e-01   1.0111221e-01   1.7497653e-01   3.1881749e-01   5.1187723e-01   7.5241435e-01   1.6186357e-01   1.3109342e-01   4.3828041e-01   3.0747159e-01   6.1669933e-01   5.5216280e-01   1.3614029e-01   1.6188225e-01   2.9399685e-01   2.4447564e-01   5.4689995e-01   3.7331436e-01
   8.7187500e+00   4.1687500e+00   1.1782969e+03   1.0524811e-01   1.3781680e-01   2.6038304e-01   2.2208700e-01   4.6790844e-01   2.7578756e-01   1.5295571e-01   1.2290792e-01   3.4380253e-01   3.0325985e-01   5.9041051e-01   2.9398437e-01   9.8429952e-02   1.3679360e-01   2.0296269e-01   2.2418527e-01   4.2223422e-01   5.3153588e-01
   5.3125000e-01   8.2770833e+00   1.1879948e+03   1.6613932e-01   1.0031460e-01   2.9851011e-01   2.2083048e-01   7.8876643e-01   4.1756156e-01   1.2053342e-01   1.0870218e-01   2.2756302e-01   2.9107039e-01   5.6102310e-01   4.2841557e-01   1.1563903e-01   1.5598670e-01   2.4894266e-01   2.1596354e-01   5.1506937e-01   5.6544817e-01
   3.9062500e+00   1.2385417e+01   1.1808490e+03   1.7348725e-01   1.3005116e-01   1.6366029e-01   1.6026121e-01   5.2375747e-01   5.9643167e-01   1.0645405e-01   1.2897187e-01   2.4282004e-01   2.0290848e-01   9.0827484e-01   5.8240401e-01   1.0517973e-01   1.4385787e-01   2.2239599e-01   2.4849958e-01   4.6032549e-01   3.1729630e-01
   6.3437500e+00   1.4439583e+01   1.1849323e+03   7.9096622e-02   1.8680950e-01   3.2051744e-01   1.8889274e-01   4.7832450e-01   3.9745736e-01   1.3277866e-01   1.9103183e-01   2.7243132e-01   1.6634364e-01   5.0396259e-01   3.3994980e-01   1.7576492e-01   1.0022231e-01   3.5633343e-01   1.9996790e-01   4.2503952e-01   7.3330070e-01
   1.2656250e+01   9.7645833e+00   1.1665573e+03   1.3052932e-01   1.4985208e-01   4.0408997e-01   2.8786841e-01   4.9824640e-01   5.0223602e-01   8.9694302e-02   1.4191503e-01   2.4924142e-01   2.9076407e-01   5.4265937e-01   5.0626551e-01   1.6378344e-01   1.5408806e-01   2.4808942e-01   2.1798810e-01   6.6914424e-01   2.3136850e-01
   4.6875000e-01   1.7485417e+01   1.2390365e+03   2.3332062e-01   1.5741771e-01   1.5263017e-01   2.4289659e-01   4.2340771e-01   5.8181690e-01   1.2706546e-01   1.0452859e-01   2.1435251e-01   3.4045104e-01   4.8955863e-01   5.6855037e-01   1.4235252e-01   8.2800365e-02   2.6274486e-01   1.5708279e-01   4.7529154e-01   2.9559542e-01
   9.0625000e-01   1.5997917e+01   1.1961615e+03   1.1829291e-01   1.9876031e-01   1.2083451e-01   2.9778510e-01   7.5897499e-01   6.5721235e-01   1.0506486e-01   9.7827227e-02   3.0837717e-01   1.6936713e-01   5.7705264e-01   7.2230584e-01   1.4698180e-01   1.4999342e-01   1.8451186e-01   2.1758488e-01   4.2774975e-01   6.5300239e-01
   3.2187500e+00   1.9327083e+01   1.2257656e+03   1.4019633e-01   1.6173110e-01   2.4546258e-01   2.9186859e-01   5.7962801e-01   3.8411500e-01   9.9396636e-02   1.1753444e-01   1.7885520e-01   1.1198817e-01   4.3437510e-01   5.8013590e-01   1.3931760e-01   1.4373867e-01   2.0403935e-01   2.0667318e-01   4.0550381e-01   5.4064675e-01
   1.0031250e+01   1.2314583e+01   1.2482240e+03   1.3534016e-01   1.3742939e-01   2.9744447e-01   2.7348648e-01   5.0936174e-01   4.7876529e-01   1.5524855e-01   7.5750396e-02   3.7232739e-01   3.3975676e-01   6.2596334e-01   6.1833792e-01   1.4637450e-01   1.5938840e-01   1.6521484e-01   2.8610324e-01   5.1514987e-01   4.4638587e-01
   1.0843750e+01   8.5604167e+00   1.2206615e+03   1.6462194e-01   1.8597652e-01   2.4489599e-01   2.9791580e-01   6.4040840e-01   4.4104094e-01   1.2594841e-01   1.8205473e-01   1.3979816e-01   2.4614549e-01   7.2863778e-01   4.5571813e-01   1.3285280e-01   8.0633068e-02   2.9553660e-01   3.4093544e-01   3.1301983e-01   5.0144951e-01
   9.5937500e+00   4.8770833e+00   1.2252552e+03   1.5907857e-01   9.6729489e-02   2.4009542e-01   3.4521699e-01   4.9585901e-01   4.8572081e-01   1.6722177e-01   1.3138336e-01   2.2979160e-01   3.2361290e-01   5.1066101e-01   4.2764785e-01   1.1942175e-01   1.1863637e-01   2.8794918e-01   3.1471780e-01   2.9423014e-01   5.9141481e-01
   7.7187500e+00   1.3660417e+01   1.2124948e+03   9.5423418e-02   1.0368274e-01   2.5040613e-01   2.8605151e-01   4.8778154e-01   5.4618586e-01   9.1050804e-02   8.8643881e-02   3.0453701e-01   3.1159459e-01   4.9145941e-01   5.0705916e-01   1.4086643e-01   1.2555978e-01   1.9823216e-01   3.1542647e-01   5.2411219e-01   3.9149715e-01
   9.3437500e+00   1.6847917e+01   1.1777865e+03   2.1650499e-01   1.9756722e-01   3.4259316e-01   4.8895904e-01   9.0417515e-01   9.0888864e-01   2.4624169e-01   1.8799671e-01   2.6845162e-01   3.5204926e-01   7.4665649e-01   8.1640679e-01   1.2430959e-01   1.8873648e-01   3.7461697e-01   3.1117139e-01   7.1116814e-01   7.1194337e-01
   5.0937500e+00   9.9770833e+00   1.2191302e+03   2.0929115e-01   2.5000000e-01   4.0843641e-01   2.9947318e-01   6.5529443e-01   7.7764230e-01   1.5949747e-01   1.7241697e-01   4.4348230e-01   2.2726407e-01   9.8947803e-01   8.4080463e-01   2.0021031e-01   2.0536164e-01   4.9164252e-01   3.6306316e-01   6.7773750e-01   5.7395109e-01
   9.9062500e+00   4.3812500e+00   1.2681302e+03   1.8608905e-01   2.1487715e-01   3.7858799e-01   3.7091303e-01   8.4232227e-01   9.5800290e-01   2.2910955e-01   2.0733358e-01   4.1473576e-01   4.2061615e-01   8.6495964e-01   8.3678173e-01   1.8469294e-01   2.2502269e-01   2.2312697e-01   3.7330307e-01   8.0944058e-01   9.1268103e-01
   2.0312500e+00   7.5687500e+00   1.2732344e+03   1.9347535e-01   1.6010969e-01   4.4161357e-01   3.5457273e-01   6.1070485e-01   7.4463002e-01   1.6798209e-01   1.4486131e-01   3.0705098e-01   2.8756120e-01   5.2398766e-01   7.9926258e-01   1.7680430e-01   2.0339912e-01   3.9761355e-01   3.4030507e-01   8.4017087e-01   7.6067381e-01
   1.0406250e+01   5.5854167e+00   1.1956510e+03   1.6785116e-01   1.4945478e-01   4.7629604e-01   3.0317808e-01   5.3676636e-01   7.3334557e-01   2.1177122e-01   2.0620703e-01   2.8267091e-01   4.5718044e-01   5.9183652e-01   8.2895302e-01   2.0788206e-01   1.6031995e-01   3.9271772e-01   3.1286353e-01   5.7873285e-01   8.0986914e-01
   2.7187500e+00   7.9229167e+00   1.1895260e+03   1.6073084e-01   1.3703626e-01   3.8261586e-01   2.9324739e-01   8.3264529e-01   8.4914998e-01   1.4611707e-01   1.8104693e-01   3.5092191e-01   4.0023909e-01   8.2295383e-01   6.6136208e-01   1.9830453e-01   1.8246673e-01   4.9594931e-01   4.5450752e-01   8.8876594e-01   7.1714537e-01
   5.7812500e+00   1.0472917e+01   1.2298490e+03   1.7535273e-01   2.4500252e-01   2.9762245e-01   4.1539894e-01   5.3379475e-01   8.0328407e-01   2.3438365e-01   2.5000000e-01   4.1755229e-01   3.5348961e-01   7.3547651e-01   7.5366833e-01   1.7672857e-01   1.6694297e-01   3.9135775e-01   4.1673833e-01   7.6860497e-01   9.4835501e-01
   9.7812500e+00   1.2172917e+01   1.2405677e+03   2.1964089e-01   1.6190857e-01   3.9025785e-01   2.8817478e-01   4.8274081e-01   7.2376227e-01   1.1865929e-01   1.6722457e-01   4.2704058e-01   3.1374598e-01   7.3202347e-01   8.1879711e-01   1.8846206e-01   2.0958599e-01   4.8619760e-01   3.1807650e-01   7.2049554e-01   6.9950226e-01
   1.1656250e+01   1.0543750e+01   1.2099427e+03   1.8000874e-01   2.1850424e-01   4.6239114e-01   2.9120734e-01   7.4249404e-01   5.5148012e-01   1.9757858e-01   2.0073726e-01   4.0841239e-01   4.9108409e-01   8.8434619e-01   6.5931467e-01   1.8333288e-01   2.3563491e-01   4.9329599e-01   3.0920762e-01   5.5143986e-01   8.9396287e-01
   1.5937500e+00   1.8122917e+01   1.1885052e+03   1.7338679e-01   2.0418181e-01   3.6903292e-01   4.4555450e-01   9.2321134e-01   6.1045242e-01   2.0065639e-01   1.9118329e-01   4.2300154e-01   3.9434615e-01   9.6277363e-01   7.5009555e-01   1.6793633e-01   1.8681432e-01   3.3623026e-01   4.0169996e-01   7.1784851e-01   8.9414064e-01
   1.3593750e+01   1.1818750e+01   1.2808906e+03   1.5689790e-01   1.3978978e-01   3.9922642e-01   3.7510601e-01   9.0222698e-01   8.2710688e-01   1.6185309e-01   1.5372567e-01   4.8468048e-01   3.4443108e-01   7.9890442e-01   7.2656109e-01   2.2223249e-01   2.2046130e-01   3.0058396e-01   3.3194760e-01   7.4130503e-01   6.8430062e-01
   1.2593750e+01   1.9185417e+01   1.1706406e+03   1.5207977e-01   2.5000000e-01   3.1460534e-01   3.9873024e-01   5.6311865e-01   8.1793303e-01   1.5729816e-01   2.1486021e-01   2.6848047e-01   3.3156979e-01   7.6591645e-01   9.0517803e-01   2.2506770e-01   1.6572632e-01   4.2863713e-01   3.0010630e-01   7.6297488e-01   8.0366986e-01
   8.4687500e+00   1.4014583e+01   1.1737031e+03   1.8819128e-01   2.0475925e-01   4.6932414e-01   3.1866677e-01   7.5466039e-01   5.6651300e-01   2.0654213e-01   1.1792870e-01   4.0434426e-01   3.6372546e-01   1.0000000e+00   8.0906104e-01   1.8976193e-01   1.9247817e-01   3.2405769e-01   3.5953388e-01   6.9543736e-01   7.6582502e-01
   8.0937500e+00   1.9256250e+01   1.1803385e+03   2.2000748e-01   2.4437945e-01   4.0023942e-01   3.6270035e-01   8.5035886e-01   7.6498854e-01   1.5511839e-01   1.2668402e-01   3.7160601e-01   4.5351771e-01   7.4866526e-01   8.8680905e-01   1.5541414e-01   1.8198531e-01   3.6517793e-01   3.2220414e-01   8.6576187e-01   1.0000000e+00
   6.9062500e+00   7.2145833e+00   1.1828906e+03   2.2598388e-01   1.9820764e-01   3.4861617e-01   3.9418384e-01   8.7173170e-01   8.1616944e-01   1.8661758e-01   1.4657517e-01   3.2819531e-01   4.9442148e-01   6.9368135e-01   8.2783376e-01   1.5084467e-01   2.3844560e-01   3.3929820e-01   4.2810108e-01   9.4600357e-01   6.2572256e-01
   5.4062500e+00   1.5006250e+01   1.2369948e+03   2.0500561e-01   1.9311130e-01   2.7037349e-01   3.8546604e-01   9.4509173e-01   6.0309446e-01   9.9382288e-02   2.2830072e-01   4.1979775e-01   3.7669956e-01   6.7561880e-01   8.7615423e-01   1.9534388e-01   1.9668637e-01   3.8130067e-01   5.0000000e-01   9.0545371e-01   5.5193142e-01
   7.8437500e+00   7.9937500e+00   1.2303594e+03   1.7784254e-01   1.5564630e-01   3.3202312e-01   4.8675492e-01   9.4828119e-01   6.2522309e-01   1.2246720e-01   2.1824905e-01   3.7465544e-01   4.0169559e-01   6.5804130e-01   7.3818785e-01   1.7923056e-01   2.1149104e-01   4.1227656e-01   2.6869046e-01   7.2118134e-01   7.8885633e-01
   8.7812500e+00   1.4935417e+01   1.1685990e+03   1.7601237e-01   1.8867498e-01   3.1080091e-01   3.3599485e-01   8.5703722e-01   8.9925529e-01   1.8610146e-01   1.4839418e-01   4.5000714e-01   3.9521030e-01   7.6021188e-01   7.6439410e-01   1.6208779e-01   1.7683792e-01   4.1951273e-01   4.2734393e-01   7.9195048e-01   6.2879895e-01
   1.2343750e+01   1.5218750e+01   1.2773177e+03   1.9892604e-01   1.9178510e-01   3.4421516e-01   3.6562744e-01   5.7193962e-01   5.3078782e-01   2.2243609e-01   1.8188269e-01   3.1037393e-01   2.7193950e-01   6.4239288e-01   6.7148038e-01   1.9162552e-01   1.6770617e-01   3.8347758e-01   4.0140203e-01   8.0084016e-01   6.7635636e-01
   1.0906250e+01   4.0270833e+00   1.2517969e+03   2.1679496e-01   1.3996712e-01   3.9667552e-01   4.2701344e-01   7.5496279e-01   8.0581617e-01   1.3595301e-01   1.6426855e-01   3.2202702e-01   3.8377112e-01   5.1769869e-01   7.9844656e-01   1.5047963e-01   1.9983447e-01   3.1581821e-01   3.2234028e-01   6.7227511e-01   7.9142917e-01
   9.2187500e+00   7.2854167e+00   1.2538385e+03   2.1794512e-01   1.8690880e-01   4.2683453e-01   4.3425569e-01   5.7751105e-01   8.7225749e-01   2.0870835e-01   1.9478881e-01   4.0208888e-01   3.4387233e-01   5.8938914e-01   1.0000000e+00   1.9813814e-01   1.6192379e-01   3.2206702e-01   4.3510362e-01   7.4856410e-01   5.8774336e-01
   6.0312500e+00   6.7895833e+00   1.1701302e+03   1.2128363e-01   1.9260146e-01   3.8472704e-01   2.5164140e-01   9.0413386e-01   5.2609284e-01   2.0294760e-01   2.5000000e-01   3.1952975e-01   3.4826419e-01   8.0452527e-01   7.6219830e-01   1.3774708e-01   1.4494595e-01   3.9326892e-01   3.1947658e-01   6.7628518e-01   8.8396281e-01
   1.1968750e+01   1.4581250e+01   1.2701719e+03   1.8604798e-01   1.6496404e-01   3.8023212e-01   3.5050758e-01   9.6775955e-01   7.3372637e-01   1.6911036e-01   1.6010418e-01   3.8257704e-01   3.6557035e-01   8.8641035e-01   7.4430067e-01   1.1081990e-01   1.7805883e-01   2.3848119e-01   2.5735939e-01   7.5859444e-01   8.0267583e-01
   8.2812500e+00   1.7697917e+01   1.2788490e+03   1.5728810e-01   2.0033135e-01   3.9841355e-01   3.3270555e-01   4.9981311e-01   6.0309533e-01   1.8675235e-01   2.4839964e-01   3.4988094e-01   1.9432437e-01   9.0032527e-01   8.5728196e-01   1.8099623e-01   2.3747420e-01   3.0159721e-01   3.0479286e-01   9.5125463e-01   9.2780110e-01
   4.7812500e+00   8.7729167e+00   1.2829323e+03   1.7277347e-01   1.4960528e-01   5.0000000e-01   3.7399869e-01   8.5443712e-01   7.6124526e-01   2.5000000e-01   1.7296024e-01   4.4354240e-01   3.2909112e-01   1.0000000e+00   5.5454766e-01   1.5681469e-01   1.7523997e-01   2.7713945e-01   4.1113521e-01   7.2662070e-01   7.1101863e-01
   1.4218750e+01   1.6777083e+01   1.2696615e+03   2.4172586e-01   1.6957048e-01   3.9579462e-01   4.0719842e-01   7.0714771e-01   6.9722926e-01   1.4373184e-01   1.6712759e-01   4.0229217e-01   4.2226345e-01   6.1450258e-01   8.9102854e-01   2.3534747e-01   1.9440089e-01   3.5450333e-01   4.0064439e-01   6.5865483e-01   8.6412858e-01
   1.3281250e+01   1.4864583e+01   1.2604740e+03   1.6320218e-01   1.9079351e-01   3.8379818e-01   4.0280185e-01   6.9025474e-01   5.4363330e-01   2.0250311e-01   2.0655096e-01   3.4956221e-01   3.8254955e-01   9.2056678e-01   6.4405354e-01   2.3039593e-01   1.6894619e-01   4.0532633e-01   4.3766593e-01   9.2217981e-01   6.1013621e-01
   8.0312500e+00   3.0354167e+00   1.2211719e+03   1.3488133e-01   1.6859075e-01   4.7361469e-01   4.4630614e-01   6.3886232e-01   8.2724608e-01   1.9398596e-01   2.0966013e-01   3.3508186e-01   3.4275590e-01   7.6021003e-01   8.2093840e-01   1.6837132e-01   1.2342522e-01   5.0000000e-01   4.0567332e-01   8.5913353e-01   7.8010428e-01
   1.0468750e+01   1.3377083e+01   1.1844219e+03   1.9303210e-01   2.0068108e-01   3.8059673e-01   4.0298006e-01   9.0792864e-01   8.2452004e-01   1.9756515e-01   1.9624363e-01   3.4969493e-01   3.5369635e-01   6.9152722e-01   7.8457462e-01   1.5728947e-01   1.8751335e-01   3.7474206e-01   4.5377216e-01   6.8432479e-01   8.9042781e-01
   9.0937500e+00   9.3395833e+00   1.2068802e+03   1.8361008e-01   1.7616222e-01   3.3293852e-01   3.9471502e-01   7.9790015e-01   6.7269533e-01   1.8731623e-01   1.4164200e-01   5.0000000e-01   3.0750049e-01   6.9670254e-01   7.4162184e-01   1.8073764e-01   2.4042687e-01   3.0827261e-01   2.4969918e-01   6.5787527e-01   6.6897370e-01
   4.2812500e+00   1.8831250e+01   1.1793177e+03   1.7451391e-01   1.6018390e-01   4.3324334e-01   4.3409947e-01   7.3514158e-01   8.1598442e-01   1.9629341e-01   1.6589633e-01   3.7189856e-01   3.3141319e-01   8.6120308e-01   6.6034022e-01   1.7762242e-01   1.7713974e-01   3.4665320e-01   3.5596843e-01   9.2636191e-01   7.6092138e-01
   4.5937500e+00   3.1062500e+00   1.1670677e+03   2.1498307e-01   2.1661231e-01   3.5263185e-01   4.0179144e-01   8.0215590e-01   5.8196023e-01   1.7964565e-01   1.6037536e-01   3.6233901e-01   3.3856271e-01   8.3121875e-01   8.0216396e-01   2.3079117e-01   1.5155798e-01   4.0363883e-01   3.5229977e-01   7.5392130e-01   9.5433490e-01
   7.1562500e+00   1.0827083e+01   1.2793594e+03   2.0519150e-01   2.0625131e-01   3.8763135e-01   2.9221207e-01   8.7665273e-01   5.9565433e-01   1.3457939e-01   1.7148413e-01   3.6265412e-01   3.6336716e-01   5.2422767e-01   8.9056999e-01   1.7661577e-01   1.5654149e-01   4.3886543e-01   3.7138223e-01   7.7315684e-01   6.5193671e-01
   3.4687500e+00   1.0118750e+01   1.1982031e+03   1.9924741e-01   2.0535502e-01   4.2976565e-01   3.8186385e-01   6.4131031e-01   6.0582001e-01   1.6924949e-01   1.6305980e-01   4.6976975e-01   4.1174754e-01   8.7808705e-01   8.3533041e-01   2.2517222e-01   1.9888093e-01   3.4630783e-01   4.4169896e-01   7.9366024e-01   6.1120135e-01
   1.2906250e+01   1.0897917e+01   1.1966719e+03   1.7884519e-01   2.0890969e-01   4.2549677e-01   2.7157988e-01   6.5066494e-01   7.3633399e-01   1.9482634e-01   2.0080591e-01   2.6673699e-01   3.7368491e-01   8.5315403e-01   9.2451146e-01   2.2616386e-01   1.7436465e-01   3.7471188e-01   3.3272349e-01   6.7136776e-01   8.6670144e-01
   3.5312500e+00   1.6635417e+01   1.2012656e+03   1.9844058e-01   2.1904439e-01   2.7479163e-01   4.4441701e-01   8.3606279e-01   6.8447566e-01   1.9558707e-01   2.1911064e-01   4.4452953e-01   3.7001492e-01   7.2045847e-01   5.7642636e-01   2.5000000e-01   2.1823818e-01   4.4911636e-01   3.9077835e-01   8.8611038e-01   7.4706409e-01
   3.0937500e+00   8.4187500e+00   1.2155573e+03   1.7839665e-01   2.1846471e-01   2.2737176e-01   2.4325864e-01   9.4820912e-01   9.8891231e-01   2.0636426e-01   1.7966664e-01   3.3004494e-01   3.2278033e-01   6.2734177e-01   7.5240781e-01   1.7564218e-01   1.7888234e-01   3.8898371e-01   2.5558330e-01   1.0000000e+00   6.1241515e-01
   3.0312500e+00   1.6918750e+01   1.2426094e+03   1.9331494e-01   1.8855283e-01   3.3114374e-01   3.4063519e-01   9.0627236e-01   7.4111175e-01   2.5000000e-01   2.0481988e-01   3.5791465e-01   4.3616375e-01   6.5380147e-01   5.8120581e-01   1.7264786e-01   1.2232738e-01   3.8002451e-01   3.1779019e-01   4.3902194e-01   6.3828623e-01
   3.7187500e+00   1.1252083e+01   1.1655365e+03   2.0551873e-01   1.7342906e-01   4.7824395e-01   3.8089130e-01   7.3554956e-01   8.2022942e-01   1.3580842e-01   2.1121502e-01   4.1733778e-01   3.8971737e-01   5.9548464e-01   7.6432944e-01   2.3986642e-01   1.7376652e-01   3.5430828e-01   4.3375906e-01   7.7474570e-01   7.9328360e-01
   5.7187500e+00   3.6020833e+00   1.2665990e+03   1.9811429e-01   1.8404199e-01   3.8969205e-01   3.7261126e-01   5.8352878e-01   8.2175896e-01   2.0876283e-01   1.9168258e-01   3.1647182e-01   4.1037798e-01   7.4372316e-01   8.1770397e-01   1.6442597e-01   2.0974764e-01   3.5096074e-01   2.6603350e-01   8.6817015e-01   7.8061048e-01
   4.4062500e+00   6.0104167e+00   1.2293385e+03   1.6647415e-01   2.2618309e-01   3.6551545e-01   4.9268296e-01   4.5714930e-01   7.9646669e-01   1.9174467e-01   1.7898245e-01   4.0160730e-01   3.8870564e-01   7.0141700e-01   6.5404177e-01   1.3076553e-01   2.1957738e-01   4.4112522e-01   4.6342786e-01   6.5052046e-01   7.0605271e-01
   1.3843750e+01   1.6139583e+01   1.2691510e+03   1.7071832e-01   1.5006687e-01   3.6525696e-01   3.7846629e-01   6.3417958e-01   7.7396173e-01   1.8631289e-01   1.7054289e-01   3.7034106e-01   4.2548194e-01   7.1100686e-01   9.1035314e-01   1.9021026e-01   2.2765421e-01   3.4177128e-01   3.4474361e-01   7.6121707e-01   7.7863250e-01
   6.6562500e+00   1.1181250e+01   1.2017760e+03   1.5499507e-01   1.6986269e-01   4.3988529e-01   3.3663187e-01   8.9119594e-01   9.0551065e-01   1.6583946e-01   1.5115298e-01   2.8757454e-01   4.6953292e-01   7.7767059e-01   6.9064295e-01   2.0313305e-01   2.1877251e-01   3.7204559e-01   4.0798546e-01   7.7132416e-01   8.2055405e-01
   2.4687500e+00   5.4437500e+00   1.2130052e+03   2.1866514e-01   2.2010339e-01   3.9565524e-01   4.1168854e-01   6.8135906e-01   6.0448003e-01   1.8351484e-01   1.7895258e-01   3.8701913e-01   3.4802291e-01   7.1283438e-01   8.2792888e-01   1.7615685e-01   2.2104348e-01   3.1038629e-01   3.0148262e-01   6.7503119e-01   6.5862896e-01
   1.3718750e+01   8.9145833e+00   1.1691094e+03   1.8668581e-01   2.1393755e-01   4.0473791e-01   2.9958069e-01   7.8546646e-01   9.5440871e-01   2.0876131e-01   1.9248450e-01   4.1127436e-01   4.0891004e-01   5.3785066e-01   7.0653783e-01   1.7654087e-01   2.4668852e-01   4.1273409e-01   4.2217554e-01   8.3832101e-01   7.1003002e-01
   1.4968750e+01   1.3518750e+01   1.1834010e+03   1.6696878e-01   1.7201449e-01   2.4434364e-01   4.0908316e-01   7.7659741e-01   8.3579121e-01   2.0081921e-01   1.8166537e-01   4.1486620e-01   4.1745624e-01   6.7516134e-01   6.5520949e-01   1.4490906e-01   2.3545101e-01   3.9057351e-01   3.7491184e-01   9.0185625e-01   6.5929290e-01
   6.2187500e+00   6.5062500e+00   1.2446510e+03   2.0867955e-01   1.8103695e-01   3.6412282e-01   3.9068315e-01   4.7465460e-01   6.0631417e-01   1.3732283e-01   1.9430950e-01   3.3962615e-01   3.7445207e-01   6.8458165e-01   6.5785436e-01   2.4133762e-01   1.9298714e-01   4.0259648e-01   4.5337883e-01   7.7790322e-01   9.1748613e-01
   1.8437500e+00   1.6422917e+01   1.1992240e+03   1.7153643e-01   1.8263137e-01   3.7619926e-01   3.5045328e-01   9.0638413e-01   8.8876966e-01   2.1581909e-01   1.8894495e-01   3.7399140e-01   4.9449633e-01   5.3552139e-01   5.6862053e-01   1.9379288e-01   1.7262132e-01   3.7331711e-01   3.4082847e-01   7.9620781e-01   5.9016336e-01
   3.3437500e+00   6.9312500e+00   1.2757865e+03   2.0143764e-01   1.7889381e-01   3.2124829e-01   3.3612238e-01   1.0000000e+00   8.9782047e-01   1.9529732e-01   2.0844766e-01   4.1389516e-01   3.1383651e-01   8.6070973e-01   9.4009422e-01   1.7038479e-01   1.7875786e-01   3.2861886e-01   3.2904031e-01   6.8168736e-01   9.5176259e-01
   7.6562500e+00   1.8902083e+01   1.1757448e+03   2.3489483e-01   1.1114846e-01   3.7356566e-01   3.0059521e-01   7.4513791e-01   9.6341601e-01   2.4669463e-01   1.6779685e-01   4.0833977e-01   3.4461692e-01   4.7916933e-01   4.4409535e-01   2.0005664e-01   2.0945720e-01   3.6966781e-01   3.2774513e-01   8.8981121e-01   6.7877891e-01
   8.4062500e+00   7.7104167e+00   1.2839531e+03   2.1680488e-01   1.7414616e-01   3.3735517e-01   2.5759583e-01   8.7482295e-01   6.9746057e-01   1.5273817e-01   1.8379968e-01   3.5066620e-01   3.7986862e-01   8.0276586e-01   5.8874420e-01   2.1357484e-01   2.2525546e-01   2.9474319e-01   4.9841922e-01   7.3871618e-01   7.4974606e-01
   5.1562500e+00   1.6564583e+01   1.2262760e+03   1.8249492e-01   1.9715814e-01   4.2936886e-01   3.4849947e-01   6.5533329e-01   9.5492222e-01   1.6493619e-01   1.9506452e-01   2.9552076e-01   3.7663756e-01   7.1314886e-01   5.0192828e-01   1.5474073e-01   1.7976377e-01   3.5383777e-01   3.5439304e-01   8.0508210e-01   8.6969239e-01
   8.5312500e+00   6.2937500e+00   1.2507760e+03   1.8394256e-01   2.5000000e-01   3.3932422e-01   4.2357762e-01   8.2451814e-01   7.8293356e-01   1.3274416e-01   1.7574736e-01   3.9203757e-01   3.6107601e-01   7.0446858e-01   5.8213165e-01   1.9453948e-01   2.3477095e-01   5.0000000e-01   2.7443670e-01   8.9684522e-01   8.4222276e-01
   1.0218750e+01   7.7812500e+00   1.2859948e+03   2.4803519e-01   1.4179287e-01   4.5654247e-01   3.3037962e-01   1.0000000e+00   5.6706462e-01   1.8761288e-01   1.9626389e-01   3.9484178e-01   3.4501841e-01   8.3095700e-01   4.0102017e-01   1.7242595e-01   1.6484540e-01   4.7951957e-01   4.3428545e-01   7.1284498e-01   7.0732571e-01
   2.7812500e+00   4.5937500e+00   1.1971823e+03   1.8216254e-01   1.6763933e-01   3.7233474e-01   4.7403998e-01   9.1396567e-01   6.5297863e-01   2.1859826e-01   1.3204837e-01   4.6864802e-01   4.2653671e-01   7.1205847e-01   8.2527329e-01   2.3908485e-01   1.7295840e-01   4.2923597e-01   3.7655953e-01   7.2572705e-01   8.6107217e-01
   1.7812500e+00   1.2739583e+01   1.2084115e+03   1.9691152e-01   1.7545397e-01   4.3097067e-01   3.1948054e-01   6.6250731e-01   8.6618600e-01   1.7253221e-01   2.0183056e-01   2.7788745e-01   3.7122479e-01   7.2164526e-01   7.5505534e-01   1.9246643e-01   1.7540779e-01   4.0237902e-01   3.5275798e-01   7.6131962e-01   6.0253455e-01
   5.4687500e+00   1.5360417e+01   1.2150469e+03   1.9768715e-01   1.5805383e-01   5.0000000e-01   5.0000000e-01   6.2254834e-01   9.7411972e-01   1.7127808e-01   2.0193197e-01   3.5285677e-01   3.2457726e-01   6.4105240e-01   6.2113529e-01   1.5235358e-01   1.6681405e-01   4.2665971e-01   4.0730109e-01   7.2208556e-01   9.2268435e-01
   5.2812500e+00   1.2456250e+01   1.2574115e+03   2.1640115e-01   1.6644459e-01   3.7917671e-01   3.3173887e-01   7.5663935e-01   6.0210603e-01   1.7829188e-01   1.8746289e-01   4.0213923e-01   4.8205236e-01   8.9071994e-01   5.8737805e-01   1.8402927e-01   2.1468442e-01   3.9934380e-01   4.3046746e-01   5.9138392e-01   8.9505550e-01
   5.8437500e+00   1.0189583e+01   1.2635365e+03   1.9422785e-01   1.2736738e-01   4.6841184e-01   3.8120608e-01   7.2037260e-01   7.3610302e-01   1.8248282e-01   1.7647066e-01   3.6865762e-01   4.3200990e-01   8.7395235e-01   5.8525262e-01   2.0153284e-01   1.8165357e-01   4.3323439e-01   3.3517634e-01   8.1030052e-01   7.5231408e-01
   8.6562500e+00   1.4227083e+01   1.1731927e+03   1.9894529e-01   1.8398695e-01   3.0797098e-01   4.6468615e-01   7.4215800e-01   6.6790427e-01   2.1948488e-01   1.7396902e-01   5.0000000e-01   4.6805261e-01   8.3580466e-01   7.1519307e-01   2.5000000e-01   2.4536054e-01   4.5036019e-01   3.8193110e-01   5.6980828e-01   8.0048654e-01
