   7.9318182e-01   6.6136364e-01   1.9772727e-01   4.6590909e-01   3.5681818e-01   2.6590909e-01   1.8409091e-01   4.4318182e-01   9.0681818e-01   2.5227273e-01   1.9772727e-01   1.4318182e-01   3.7500000e-01   1.1136364e-01   7.5000000e-02   4.2954545e-01   3.4090909e-02   8.2500000e-01   5.5681818e-01   4.7045455e-01   8.6590909e-01
   6.1590909e-01   7.5681818e-01   2.3863636e-01   8.4318182e-01   4.2500000e-01   5.9318182e-01   6.5227273e-01   6.0681818e-01   1.1136364e-01   3.2500000e-01   4.7500000e-01   7.2954545e-01   1.1136364e-01   9.1590909e-01   6.2500000e-01   4.4318182e-01   2.6136364e-01   8.5227273e-01   7.8863636e-01   2.2954545e-01   5.4772727e-01
   6.6136364e-01   1.6136364e-01   8.5681818e-01   7.2500000e-01   6.1363636e-02   2.2045455e-01   1.5909091e-02   1.2045455e-01   7.0454545e-02   7.6136364e-01   5.3863636e-01   2.2954545e-01   1.8409091e-01   6.9772727e-01   3.3863636e-01   6.3409091e-01   7.2954545e-01   7.6590909e-01   9.8409091e-01   9.5681818e-01   7.6136364e-01
   3.9772727e-01   8.9318182e-01   6.5681818e-01   9.4318182e-01   7.2045455e-01   2.5000000e-02   9.8409091e-01   7.9318182e-01   2.1590909e-01   5.1590909e-01   2.3863636e-01   6.5227273e-01   9.8409091e-01   3.4090909e-02   1.9318182e-01   9.6136364e-01   4.0681818e-01   4.5227273e-01   4.7727273e-02   1.4772727e-01   4.6590909e-01
   3.8636364e-02   9.0681818e-01   5.4318182e-01   7.1136364e-01   9.9772727e-01   8.6590909e-01   2.4772727e-01   9.2500000e-01   5.9318182e-01   9.1590909e-01   1.1136364e-01   7.9318182e-01   2.2500000e-01   2.2045455e-01   3.3409091e-01   2.2045455e-01   5.3409091e-01   9.7500000e-01   1.4318182e-01   5.0681818e-01   7.6590909e-01
   8.6590909e-01   8.7500000e-01   4.0227273e-01   5.2954545e-01   3.8636364e-02   9.0227273e-01   7.7954545e-01   8.8636364e-02   3.5681818e-01   9.7045455e-01   2.5000000e-02   9.7500000e-01   4.0681818e-01   4.0227273e-01   9.7500000e-01   9.4318182e-01   2.6590909e-01   4.9772727e-01   8.2045455e-01   8.7500000e-01   7.3863636e-01
   6.9772727e-01   8.4090909e-02   8.0681818e-01   2.2727273e-03   2.9772727e-01   9.2954545e-01   2.1136364e-01   3.4772727e-01   1.0227273e-01   6.2045455e-01   1.7954545e-01   6.0681818e-01   6.5681818e-01   2.8863636e-01   7.2500000e-01   2.1590909e-01   6.2045455e-01   5.5227273e-01   3.8636364e-02   2.7954545e-01   3.1590909e-01
   5.2954545e-01   4.2500000e-01   3.3409091e-01   9.0681818e-01   5.5227273e-01   9.2500000e-01   3.8636364e-02   6.2045455e-01   7.9318182e-01   7.8409091e-01   4.3409091e-01   1.9772727e-01   4.4318182e-01   6.2954545e-01   5.9318182e-01   7.8863636e-01   4.6590909e-01   2.5681818e-01   6.2500000e-01   4.6590909e-01   1.1590909e-01
   7.1136364e-01   6.8863636e-01   8.7954545e-01   1.8409091e-01   3.0681818e-01   5.3863636e-01   2.5681818e-01   1.2954545e-01   5.2954545e-01   4.3409091e-01   4.8863636e-01   1.2954545e-01   4.5681818e-01   8.8636364e-02   9.6590909e-01   3.1590909e-01   7.5681818e-01   7.3409091e-01   8.3409091e-01   9.8863636e-01   6.7500000e-01
   6.2500000e-01   8.6136364e-01   5.2500000e-01   2.9772727e-01   9.3863636e-01   1.7045455e-01   4.4318182e-01   3.7500000e-01   7.9545455e-02   1.1136364e-01   8.8863636e-01   3.3863636e-01   6.7954545e-01   7.7954545e-01   6.5681818e-01   2.3863636e-01   2.0681818e-01   1.7045455e-01   3.7045455e-01   9.1136364e-01   4.8409091e-01
   9.2954545e-01   1.8863636e-01   2.7045455e-01   1.6136364e-01   7.4772727e-01   7.2045455e-01   8.9318182e-01   4.1590909e-01   8.0227273e-01   7.7954545e-01   1.6136364e-01   9.6136364e-01   9.5681818e-01   3.1136364e-01   1.7954545e-01   1.8409091e-01   9.1136364e-01   1.8863636e-01   6.3863636e-01   5.6818182e-02   9.7954545e-01
   5.3863636e-01   3.4318182e-01   8.8636364e-02   5.5681818e-01   6.7500000e-01   6.2954545e-01   9.9772727e-01   3.2045455e-01   8.1590909e-01   7.1590909e-01   9.2500000e-01   3.9318182e-01   3.8409091e-01   6.5909091e-02   4.9318182e-01   9.2954545e-01   4.3863636e-01   9.8409091e-01   3.6590909e-01   5.8863636e-01   3.5681818e-01
   1.7954545e-01   2.3863636e-01   8.0227273e-01   5.3409091e-01   7.0227273e-01   5.8409091e-01   4.3863636e-01   8.2045455e-01   8.3409091e-01   9.7954545e-01   3.0681818e-01   2.1136364e-01   6.0227273e-01   3.2954545e-01   3.9318182e-01   1.0681818e-01   6.9772727e-01   5.6818182e-02   9.0227273e-01   6.8181818e-03   7.3409091e-01
   1.9318182e-01   5.4772727e-01   5.8863636e-01   7.3409091e-01   4.3181818e-02   1.0681818e-01   4.9318182e-01   1.6136364e-01   4.3863636e-01   7.4318182e-01   2.0454545e-02   1.7045455e-01   1.1590909e-01   9.6136364e-01   4.6136364e-01   7.6590909e-01   4.4318182e-01   8.0227273e-01   4.9772727e-01   7.2045455e-01   4.8863636e-01
   1.4772727e-01   4.9772727e-01   2.2045455e-01   7.7954545e-01   6.2045455e-01   2.3409091e-01   7.8863636e-01   1.7500000e-01   6.9318182e-01   9.2954545e-01   7.9772727e-01   8.7954545e-01   7.9772727e-01   1.8409091e-01   9.4318182e-01   2.7045455e-01   8.6136364e-01   4.2500000e-01   5.3863636e-01   6.7500000e-01   2.8863636e-01
   2.1136364e-01   2.2954545e-01   7.2045455e-01   3.5227273e-01   4.8409091e-01   7.1590909e-01   6.7045455e-01   9.7500000e-01   1.4772727e-01   1.1363636e-02   1.7045455e-01   3.6136364e-01   8.6136364e-01   8.1136364e-01   5.1590909e-01   7.1136364e-01   5.2954545e-01   1.9772727e-01   5.2272727e-02   4.2045455e-01   5.0681818e-01
   3.5681818e-01   3.0681818e-01   1.6590909e-01   9.2500000e-01   2.2045455e-01   4.7500000e-01   5.3409091e-01   3.9318182e-01   1.6590909e-01   6.0227273e-01   4.3181818e-02   5.3409091e-01   9.7954545e-01   9.7727273e-02   1.6136364e-01   6.5227273e-01   6.2954545e-01   7.9545455e-02   2.5227273e-01   3.5227273e-01   6.5681818e-01
   6.6590909e-01   1.2500000e-01   2.9772727e-01   3.7500000e-01   2.9545455e-02   9.7045455e-01   4.0681818e-01   7.3863636e-01   7.3863636e-01   3.7045455e-01   6.6590909e-01   2.2727273e-03   4.6590909e-01   5.3409091e-01   9.2045455e-01   5.2272727e-02   2.2727273e-03   9.6136364e-01   7.5681818e-01   4.7727273e-02   4.7500000e-01
   5.5227273e-01   7.0454545e-02   1.7500000e-01   1.7954545e-01   9.7500000e-01   6.6590909e-01   2.2954545e-01   1.0227273e-01   5.1136364e-01   5.6590909e-01   8.2045455e-01   4.9772727e-01   2.4318182e-01   9.7954545e-01   5.6590909e-01   3.9318182e-01   7.2045455e-01   2.5227273e-01   1.2954545e-01   7.2954545e-01   1.2954545e-01
   2.2727273e-03   6.8181818e-03   9.7727273e-02   2.7500000e-01   1.9318182e-01   6.8181818e-03   3.4318182e-01   2.5681818e-01   7.9772727e-01   4.3863636e-01   7.7500000e-01   8.2954545e-01   6.8863636e-01   7.0454545e-02   7.4318182e-01   2.5681818e-01   2.4318182e-01   4.2045455e-01   4.2500000e-01   9.1590909e-01   9.9772727e-01
   9.7727273e-02   7.2954545e-01   8.2045455e-01   1.3409091e-01   5.7045455e-01   9.8863636e-01   7.4318182e-01   5.7045455e-01   1.0681818e-01   6.2500000e-01   1.3409091e-01   1.5909091e-02   5.5681818e-01   8.7045455e-01   5.3863636e-01   8.4090909e-02   7.3863636e-01   1.3863636e-01   6.5227273e-01   7.3863636e-01   2.4318182e-01
   7.3409091e-01   6.5227273e-01   7.4772727e-01   5.4318182e-01   3.6590909e-01   1.8863636e-01   4.5227273e-01   2.7500000e-01   8.7954545e-01   8.8409091e-01   5.5681818e-01   3.1590909e-01   8.2500000e-01   6.3409091e-01   6.2045455e-01   5.0681818e-01   5.5227273e-01   5.6136364e-01   4.8409091e-01   6.1136364e-01   1.3863636e-01
   5.7954545e-01   9.1590909e-01   3.3863636e-01   6.7954545e-01   4.9318182e-01   5.2045455e-01   6.3863636e-01   9.8863636e-01   2.5000000e-02   2.9318182e-01   2.0227273e-01   2.9772727e-01   9.3863636e-01   7.6590909e-01   9.0227273e-01   2.6136364e-01   2.7045455e-01   5.0227273e-01   6.1363636e-02   9.6136364e-01   5.5681818e-01
   1.3863636e-01   6.0681818e-01   3.7954545e-01   2.1590909e-01   2.0681818e-01   6.9772727e-01   5.3863636e-01   5.9318182e-01   6.4772727e-01   7.0454545e-02   5.2500000e-01   6.4772727e-01   9.5227273e-01   2.0681818e-01   2.2954545e-01   6.1363636e-02   8.1136364e-01   1.2045455e-01   6.5681818e-01   3.8409091e-01   2.0227273e-01
   3.6136364e-01   5.7500000e-01   6.9318182e-01   4.5681818e-01   6.5681818e-01   6.1590909e-01   1.9318182e-01   3.8636364e-02   1.6136364e-01   6.3409091e-01   2.7500000e-01   8.4772727e-01   9.0681818e-01   4.2045455e-01   1.8863636e-01   3.8636364e-02   8.8636364e-02   1.1363636e-02   2.6136364e-01   8.8636364e-02   2.2727273e-03
   5.2500000e-01   3.2500000e-01   2.3409091e-01   3.3863636e-01   5.6818182e-02   8.0681818e-01   4.2045455e-01   4.3409091e-01   3.2500000e-01   3.3863636e-01   7.6590909e-01   9.5227273e-01   6.8181818e-03   6.8409091e-01   5.5681818e-01   3.4772727e-01   3.7045455e-01   4.4318182e-01   2.2954545e-01   5.2954545e-01   5.6590909e-01
   3.0227273e-01   2.0454545e-02   5.6818182e-02   8.6590909e-01   8.0227273e-01   7.2954545e-01   4.7954545e-01   1.4772727e-01   3.4772727e-01   4.6590909e-01   4.9318182e-01   6.7045455e-01   1.7045455e-01   3.5227273e-01   2.2500000e-01   7.3409091e-01   4.2500000e-01   9.2500000e-01   7.0454545e-02   2.0681818e-01   6.8409091e-01
   8.4318182e-01   3.1136364e-01   3.1590909e-01   3.0227273e-01   2.8409091e-01   2.3863636e-01   1.0681818e-01   6.9772727e-01   3.9318182e-01   2.2045455e-01   3.1590909e-01   9.6590909e-01   2.8863636e-01   1.4772727e-01   5.7045455e-01   8.8863636e-01   6.0227273e-01   2.7500000e-01   5.4772727e-01   3.1136364e-01   4.4318182e-01
   7.0681818e-01   5.6590909e-01   3.2045455e-01   4.8409091e-01   9.2500000e-01   2.4318182e-01   2.4318182e-01   7.1136364e-01   6.3863636e-01   7.0681818e-01   6.3863636e-01   2.2045455e-01   2.2954545e-01   8.9318182e-01   6.0681818e-01   3.3863636e-01   9.3181818e-02   6.6590909e-01   5.6136364e-01   1.5909091e-02   6.0227273e-01
   7.0227273e-01   5.1136364e-01   8.8409091e-01   1.5681818e-01   5.2045455e-01   8.6136364e-01   3.8863636e-01   7.9772727e-01   7.1590909e-01   7.1136364e-01   1.9318182e-01   3.9772727e-01   4.3863636e-01   6.6590909e-01   1.3863636e-01   6.7954545e-01   1.5227273e-01   7.7954545e-01   1.2045455e-01   7.8409091e-01   1.2500000e-01
   9.3409091e-01   1.9318182e-01   1.2500000e-01   4.4772727e-01   1.2045455e-01   6.6136364e-01   2.5000000e-02   1.1136364e-01   8.3863636e-01   5.8863636e-01   3.0227273e-01   1.6590909e-01   8.7500000e-01   6.3863636e-01   4.1590909e-01   3.4318182e-01   5.6818182e-02   9.0681818e-01   2.0681818e-01   8.0681818e-01   5.0227273e-01
   6.3863636e-01   1.6590909e-01   6.5909091e-02   5.7500000e-01   1.4318182e-01   5.7500000e-01   2.3409091e-01   5.1136364e-01   7.7045455e-01   3.8863636e-01   1.2045455e-01   9.3863636e-01   9.0227273e-01   9.3181818e-02   1.7500000e-01   1.3409091e-01   3.9318182e-01   7.3863636e-01   4.2045455e-01   3.4090909e-02   1.3409091e-01
   7.2500000e-01   2.1136364e-01   1.1136364e-01   1.2954545e-01   4.6136364e-01   4.5681818e-01   1.4772727e-01   6.6136364e-01   6.5681818e-01   8.7500000e-01   4.7954545e-01   3.4090909e-02   3.3863636e-01   6.0227273e-01   2.6590909e-01   7.4318182e-01   2.8863636e-01   6.4772727e-01   1.8863636e-01   1.6136364e-01   2.7954545e-01
   9.7045455e-01   7.2045455e-01   5.2954545e-01   8.4090909e-02   8.7500000e-01   7.5227273e-01   9.2954545e-01   1.6590909e-01   4.4318182e-01   3.4318182e-01   9.0681818e-01   6.8863636e-01   8.7045455e-01   6.1363636e-02   5.2500000e-01   3.7500000e-01   2.5227273e-01   6.5227273e-01   8.7500000e-01   7.9545455e-02   2.0681818e-01
   2.6136364e-01   3.5227273e-01   9.8863636e-01   1.4318182e-01   1.1363636e-02   4.6590909e-01   4.2954545e-01   6.3863636e-01   5.1590909e-01   1.0681818e-01   6.5681818e-01   4.2045455e-01   6.3863636e-01   7.2500000e-01   6.1590909e-01   9.2500000e-01   6.1136364e-01   7.0227273e-01   9.1136364e-01   6.5909091e-02   5.6818182e-02
   6.1363636e-02   5.7045455e-01   6.8181818e-03   2.1136364e-01   8.3409091e-01   8.7954545e-01   9.3863636e-01   4.1136364e-01   6.0227273e-01   3.8636364e-02   3.3863636e-01   6.4318182e-01   4.7500000e-01   9.5681818e-01   4.0681818e-01   6.4318182e-01   7.7954545e-01   9.2045455e-01   4.1136364e-01   6.5227273e-01   8.9318182e-01
   9.8863636e-01   6.3409091e-01   1.5909091e-02   7.0681818e-01   8.7954545e-01   5.0681818e-01   3.0681818e-01   6.2954545e-01   8.9772727e-01   7.5227273e-01   6.7954545e-01   8.4090909e-02   7.4318182e-01   7.0681818e-01   5.7954545e-01   3.1136364e-01   9.8409091e-01   9.2954545e-01   1.3863636e-01   5.4318182e-01   7.9545455e-02
   4.1136364e-01   3.4772727e-01   2.0454545e-02   5.7045455e-01   5.7954545e-01   4.3863636e-01   5.6136364e-01   1.9772727e-01   3.2954545e-01   9.8409091e-01   5.6590909e-01   6.8181818e-03   9.7500000e-01   7.7500000e-01   1.9772727e-01   3.0227273e-01   4.7045455e-01   4.5681818e-01   5.0681818e-01   5.5227273e-01   4.9772727e-01
   6.7954545e-01   3.5681818e-01   7.6136364e-01   8.8863636e-01   6.6136364e-01   2.7500000e-01   1.4318182e-01   9.5227273e-01   9.2954545e-01   7.8863636e-01   2.5227273e-01   5.4318182e-01   3.7045455e-01   5.7954545e-01   2.8409091e-01   2.0227273e-01   8.3409091e-01   3.0681818e-01   7.7045455e-01   6.9318182e-01   6.5227273e-01
   3.8409091e-01   1.7954545e-01   9.2500000e-01   3.8409091e-01   1.6590909e-01   6.7500000e-01   8.3409091e-01   3.6590909e-01   8.4772727e-01   2.1590909e-01   1.2500000e-01   7.9772727e-01   6.1590909e-01   9.4318182e-01   7.9545455e-02   5.2045455e-01   6.5909091e-02   9.1136364e-01   5.9318182e-01   8.4318182e-01   3.8863636e-01
   9.6136364e-01   9.7727273e-02   9.9772727e-01   6.0681818e-01   2.7045455e-01   5.1136364e-01   2.0681818e-01   5.9772727e-01   9.5227273e-01   7.6590909e-01   9.8863636e-01   7.4318182e-01   6.1136364e-01   2.2727273e-03   9.3181818e-02   7.7500000e-01   5.8863636e-01   9.7045455e-01   5.9772727e-01   2.5000000e-02   4.7045455e-01
   8.0681818e-01   7.4772727e-01   9.3409091e-01   2.6136364e-01   7.5227273e-01   2.0681818e-01   6.2954545e-01   1.7954545e-01   9.4772727e-01   8.4090909e-02   5.0227273e-01   8.0681818e-01   3.0227273e-01   8.6136364e-01   7.7045455e-01   6.5681818e-01   8.7500000e-01   9.7727273e-02   4.6590909e-01   8.6590909e-01   8.1136364e-01
   2.7954545e-01   3.2045455e-01   2.0227273e-01   7.2045455e-01   1.8409091e-01   6.4772727e-01   5.6590909e-01   3.2954545e-01   2.9318182e-01   9.5227273e-01   9.1590909e-01   7.0454545e-02   7.3409091e-01   4.0681818e-01   1.0227273e-01   9.7045455e-01   3.8409091e-01   3.2500000e-01   6.4318182e-01   8.1590909e-01   8.2500000e-01
   5.7500000e-01   1.4772727e-01   2.1136364e-01   8.3409091e-01   3.7954545e-01   5.2272727e-02   2.7045455e-01   5.6136364e-01   8.8636364e-02   7.0227273e-01   4.8409091e-01   6.9318182e-01   5.7500000e-01   2.9772727e-01   8.8636364e-02   7.8409091e-01   7.0227273e-01   3.8636364e-02   3.0227273e-01   3.4318182e-01   3.2954545e-01
   2.8863636e-01   2.5681818e-01   4.5681818e-01   6.4772727e-01   3.8863636e-01   3.2500000e-01   7.4772727e-01   7.9545455e-02   2.7045455e-01   9.3181818e-02   9.7045455e-01   2.5681818e-01   8.0227273e-01   8.2954545e-01   4.4318182e-01   8.8636364e-02   5.2272727e-02   4.8863636e-01   6.5909091e-02   7.1590909e-01   2.5681818e-01
   7.6590909e-01   8.0681818e-01   7.8409091e-01   9.8409091e-01   4.2045455e-01   7.2500000e-01   2.8409091e-01   4.9772727e-01   2.0454545e-02   4.2045455e-01   7.7954545e-01   2.4772727e-01   5.3409091e-01   1.5909091e-02   5.2272727e-02   5.8863636e-01   6.5227273e-01   5.8409091e-01   5.3409091e-01   9.3409091e-01   4.3409091e-01
   1.2045455e-01   2.6136364e-01   9.0227273e-01   3.4090909e-02   7.9772727e-01   1.4318182e-01   8.8636364e-02   1.2500000e-01   5.6590909e-01   8.5227273e-01   5.2954545e-01   2.3863636e-01   1.8863636e-01   1.3409091e-01   2.0227273e-01   7.3863636e-01   4.1136364e-01   1.8409091e-01   2.5681818e-01   9.4318182e-01   2.1590909e-01
   7.5681818e-01   3.6590909e-01   7.0227273e-01   5.0227273e-01   3.4318182e-01   6.7954545e-01   4.6136364e-01   3.7045455e-01   9.2500000e-01   2.4772727e-01   3.8636364e-02   9.3181818e-02   4.7954545e-01   4.4772727e-01   8.9318182e-01   9.1136364e-01   1.0227273e-01   3.9318182e-01   9.3863636e-01   3.0681818e-01   7.7954545e-01
   1.1590909e-01   6.7500000e-01   2.1590909e-01   4.4318182e-01   7.8863636e-01   2.7045455e-01   2.0227273e-01   5.7500000e-01   7.2954545e-01   2.9772727e-01   1.5227273e-01   4.0681818e-01   3.8863636e-01   9.0681818e-01   4.1136364e-01   4.7954545e-01   6.7045455e-01   6.1363636e-02   7.3863636e-01   1.8409091e-01   8.4090909e-02
   9.3181818e-02   5.1590909e-01   1.8409091e-01   7.7500000e-01   2.5000000e-02   1.2045455e-01   4.5681818e-01   9.7045455e-01   5.4318182e-01   4.3181818e-02   5.0681818e-01   9.7045455e-01   3.1590909e-01   6.4318182e-01   8.7954545e-01   8.5681818e-01   5.5681818e-01   6.1590909e-01   6.0227273e-01   4.1590909e-01   1.4318182e-01
   2.9318182e-01   6.9772727e-01   3.1136364e-01   8.2954545e-01   9.7045455e-01   8.1590909e-01   2.9772727e-01   5.2272727e-02   2.6590909e-01   1.6590909e-01   9.8409091e-01   7.5681818e-01   9.6590909e-01   7.9772727e-01   9.5681818e-01   7.2045455e-01   1.6590909e-01   3.7045455e-01   3.3409091e-01   2.5681818e-01   9.7500000e-01
   7.9772727e-01   3.8636364e-02   8.7045455e-01   9.8863636e-01   2.1136364e-01   4.4772727e-01   7.5227273e-01   2.5227273e-01   4.4772727e-01   1.5227273e-01   8.8409091e-01   5.8409091e-01   3.9772727e-01   4.1136364e-01   2.5000000e-02   1.3863636e-01   3.3863636e-01   7.0454545e-02   8.8863636e-01   3.8636364e-02   6.2500000e-01
   6.8409091e-01   8.2500000e-01   7.5681818e-01   3.0681818e-01   7.4318182e-01   4.6136364e-01   5.7954545e-01   1.8863636e-01   8.1136364e-01   7.2045455e-01   6.9318182e-01   5.2954545e-01   5.7954545e-01   1.1363636e-02   6.8181818e-03   9.8409091e-01   4.3409091e-01   7.8863636e-01   5.1590909e-01   2.1590909e-01   8.5681818e-01
   8.2500000e-01   8.8863636e-01   6.0227273e-01   5.8409091e-01   1.5909091e-02   1.3409091e-01   8.5227273e-01   1.7045455e-01   5.9772727e-01   1.2045455e-01   4.4318182e-01   6.5909091e-02   2.6136364e-01   1.0681818e-01   2.0454545e-02   2.0454545e-02   3.9772727e-01   7.4772727e-01   7.0681818e-01   2.6136364e-01   4.0681818e-01
   2.2045455e-01   6.9318182e-01   7.2500000e-01   6.1363636e-02   8.4772727e-01   7.0454545e-02   1.1136364e-01   6.7500000e-01   7.4772727e-01   5.1136364e-01   8.6590909e-01   7.6590909e-01   3.5227273e-01   5.3863636e-01   9.9318182e-01   1.2500000e-01   7.3409091e-01   2.2045455e-01   4.1590909e-01   9.8409091e-01   4.0227273e-01
   9.7954545e-01   1.2045455e-01   5.0681818e-01   1.9772727e-01   8.1136364e-01   2.6136364e-01   9.6136364e-01   6.6590909e-01   4.1590909e-01   6.6590909e-01   3.8863636e-01   7.5227273e-01   1.0227273e-01   4.7954545e-01   3.8863636e-01   6.2954545e-01   2.5681818e-01   3.2045455e-01   3.5227273e-01   6.8863636e-01   3.0681818e-01
   4.8863636e-01   1.9772727e-01   4.2500000e-01   4.6136364e-01   1.1136364e-01   4.1136364e-01   1.2500000e-01   5.4772727e-01   1.7500000e-01   2.0681818e-01   6.4318182e-01   2.5000000e-02   4.4772727e-01   8.6590909e-01   4.0227273e-01   1.8863636e-01   9.0681818e-01   1.4772727e-01   6.9318182e-01   1.4318182e-01   1.2045455e-01
   1.0681818e-01   2.8409091e-01   2.6590909e-01   4.7045455e-01   8.2045455e-01   3.3863636e-01   9.9318182e-01   5.6818182e-02   8.6590909e-01   6.7045455e-01   2.7045455e-01   7.2500000e-01   7.0227273e-01   7.9318182e-01   4.2045455e-01   7.7045455e-01   8.9772727e-01   4.3181818e-02   7.7500000e-01   8.2500000e-01   6.9772727e-01
   9.0227273e-01   3.0227273e-01   5.7045455e-01   3.2500000e-01   7.9318182e-01   6.2045455e-01   5.2272727e-02   1.9318182e-01   4.7045455e-01   3.9318182e-01   9.3181818e-02   7.7500000e-01   3.7954545e-01   7.2045455e-01   2.3409091e-01   5.6590909e-01   3.2954545e-01   5.4318182e-01   3.7954545e-01   7.6590909e-01   9.2954545e-01
   1.3409091e-01   5.5227273e-01   2.9545455e-02   2.0227273e-01   5.2272727e-02   4.4318182e-01   4.0227273e-01   6.4318182e-01   1.9318182e-01   5.0681818e-01   4.2045455e-01   8.8636364e-02   6.0681818e-01   7.5227273e-01   4.7045455e-01   7.7954545e-01   5.0681818e-01   6.2954545e-01   7.4772727e-01   7.3409091e-01   5.7045455e-01
   1.2954545e-01   8.4318182e-01   1.1363636e-02   3.2954545e-01   6.2954545e-01   8.2954545e-01   9.7727273e-02   3.7954545e-01   5.6136364e-01   6.5227273e-01   6.5909091e-02   4.1136364e-01   9.2954545e-01   3.2045455e-01   6.9772727e-01   2.2500000e-01   4.4772727e-01   9.7954545e-01   5.1136364e-01   5.8409091e-01   7.1590909e-01
   6.8181818e-03   7.4318182e-01   4.7727273e-02   9.2954545e-01   6.1136364e-01   8.0227273e-01   2.6136364e-01   8.5681818e-01   5.7045455e-01   9.6136364e-01   6.3409091e-01   8.6590909e-01   9.9772727e-01   5.8863636e-01   4.3863636e-01   1.5227273e-01   1.5909091e-02   9.3863636e-01   3.4772727e-01   4.3409091e-01   9.4772727e-01
   1.2500000e-01   7.1136364e-01   9.3181818e-02   8.1136364e-01   2.5227273e-01   6.9318182e-01   9.6590909e-01   9.0227273e-01   9.7500000e-01   9.7727273e-02   9.5681818e-01   3.8409091e-01   8.1136364e-01   7.4772727e-01   3.6590909e-01   9.3863636e-01   4.2954545e-01   2.2500000e-01   3.3863636e-01   3.8863636e-01   6.3409091e-01
   6.2045455e-01   4.6590909e-01   1.9318182e-01   2.2500000e-01   4.9772727e-01   4.8863636e-01   7.2500000e-01   7.6136364e-01   9.7727273e-02   2.2954545e-01   7.9545455e-02   7.2045455e-01   2.0681818e-01   1.3863636e-01   2.0681818e-01   1.4772727e-01   2.9772727e-01   8.8636364e-02   8.3863636e-01   1.0681818e-01   9.1136364e-01
   1.1363636e-02   4.9318182e-01   9.3863636e-01   4.7500000e-01   9.4772727e-01   7.3409091e-01   8.1590909e-01   2.9545455e-02   6.8409091e-01   9.0681818e-01   4.7727273e-02   1.4772727e-01   7.4772727e-01   6.1136364e-01   7.7954545e-01   2.1136364e-01   8.4090909e-02   3.3863636e-01   6.7500000e-01   2.3863636e-01   9.3863636e-01
   7.8409091e-01   6.2500000e-01   1.3409091e-01   9.3863636e-01   3.8409091e-01   2.9772727e-01   7.3409091e-01   7.8863636e-01   9.9772727e-01   1.2500000e-01   4.5227273e-01   4.7954545e-01   7.2954545e-01   9.8863636e-01   8.5681818e-01   5.5227273e-01   7.7500000e-01   8.7045455e-01   7.2045455e-01   9.3181818e-02   3.0227273e-01
   2.5681818e-01   4.7954545e-01   5.1136364e-01   8.7500000e-01   1.2500000e-01   4.3409091e-01   7.5000000e-02   3.3409091e-01   1.5681818e-01   1.3863636e-01   4.0227273e-01   1.3409091e-01   6.1363636e-02   3.6136364e-01   3.5227273e-01   6.9772727e-01   6.4318182e-01   7.1136364e-01   4.7045455e-01   7.9318182e-01   9.5681818e-01
   4.6590909e-01   1.3863636e-01   9.7500000e-01   1.7045455e-01   7.2954545e-01   9.9772727e-01   6.2045455e-01   6.8863636e-01   9.0227273e-01   6.6136364e-01   9.6590909e-01   2.9545455e-02   5.1136364e-01   2.7045455e-01   9.3863636e-01   2.8863636e-01   5.1590909e-01   2.3409091e-01   3.5681818e-01   8.4090909e-02   8.2954545e-01
   5.9772727e-01   9.6136364e-01   4.7500000e-01   6.0227273e-01   8.9772727e-01   9.5681818e-01   3.4772727e-01   1.4318182e-01   8.4318182e-01   1.0227273e-01   6.0227273e-01   4.4318182e-01   8.6590909e-01   9.2500000e-01   7.8863636e-01   5.4318182e-01   7.4772727e-01   1.7500000e-01   8.7045455e-01   6.2045455e-01   5.3409091e-01
   7.1590909e-01   3.8409091e-01   3.2500000e-01   7.2954545e-01   4.1136364e-01   2.1136364e-01   8.2954545e-01   7.0681818e-01   6.3409091e-01   1.6136364e-01   8.9772727e-01   3.4318182e-01   1.2954545e-01   1.5227273e-01   7.9318182e-01   1.2045455e-01   6.1363636e-02   9.9772727e-01   2.4772727e-01   3.1590909e-01   8.3409091e-01
   4.5681818e-01   8.8636364e-02   9.0681818e-01   4.1136364e-01   3.6136364e-01   9.4772727e-01   9.1136364e-01   1.3409091e-01   7.6590909e-01   3.2954545e-01   7.0454545e-02   4.7727273e-02   1.6136364e-01   9.7045455e-01   6.5227273e-01   5.7045455e-01   9.9318182e-01   3.1590909e-01   2.0454545e-02   5.3863636e-01   7.4318182e-01
   8.4772727e-01   3.1590909e-01   9.1136364e-01   2.3863636e-01   9.8409091e-01   6.1363636e-02   7.7500000e-01   8.2954545e-01   3.8863636e-01   4.1590909e-01   5.6136364e-01   6.2045455e-01   9.2500000e-01   6.5681818e-01   8.3863636e-01   3.3409091e-01   1.4318182e-01   8.4090909e-02   9.7727273e-02   9.7500000e-01   8.7954545e-01
   6.3409091e-01   3.7500000e-01   6.2954545e-01   6.7045455e-01   9.2954545e-01   8.8636364e-02   5.2045455e-01   2.0227273e-01   1.2500000e-01   3.1590909e-01   9.0227273e-01   3.7954545e-01   2.7500000e-01   4.9772727e-01   4.3181818e-02   4.7045455e-01   2.0227273e-01   6.2500000e-01   7.8409091e-01   7.0681818e-01   6.0681818e-01
   5.2272727e-02   5.3409091e-01   1.2045455e-01   7.8863636e-01   3.2045455e-01   8.2500000e-01   1.2045455e-01   2.1136364e-01   5.8863636e-01   4.7500000e-01   6.4772727e-01   7.8409091e-01   3.4318182e-01   2.6590909e-01   5.1136364e-01   4.6590909e-01   4.8863636e-01   4.0227273e-01   9.6590909e-01   4.4318182e-01   7.2500000e-01
   2.3863636e-01   8.1136364e-01   3.0227273e-01   2.5000000e-02   6.4318182e-01   3.8863636e-01   5.8409091e-01   6.8181818e-03   3.6590909e-01   8.7045455e-01   5.7954545e-01   2.2500000e-01   6.2045455e-01   4.3181818e-02   9.1136364e-01   8.9772727e-01   1.3409091e-01   6.8863636e-01   4.9318182e-01   1.0227273e-01   6.1363636e-02
   2.0681818e-01   6.4318182e-01   1.1590909e-01   5.1590909e-01   1.5227273e-01   1.9772727e-01   6.5681818e-01   4.2500000e-01   5.2500000e-01   3.0681818e-01   3.2500000e-01   1.5681818e-01   1.7500000e-01   2.5000000e-02   2.7954545e-01   9.8863636e-01   2.3863636e-01   1.4318182e-01   4.0681818e-01   4.5227273e-01   8.0227273e-01
   2.4772727e-01   6.6590909e-01   4.4772727e-01   4.7954545e-01   1.7954545e-01   7.6590909e-01   8.6590909e-01   9.1136364e-01   6.7954545e-01   6.1590909e-01   9.3409091e-01   7.7954545e-01   5.0227273e-01   7.1590909e-01   1.2045455e-01   8.6590909e-01   8.7954545e-01   9.1590909e-01   6.6590909e-01   5.7045455e-01   2.2500000e-01
   8.9772727e-01   6.1136364e-01   9.7954545e-01   9.6136364e-01   7.9545455e-02   9.7954545e-01   3.7954545e-01   5.2954545e-01   9.4318182e-01   1.8409091e-01   8.2954545e-01   4.2954545e-01   4.9318182e-01   3.7954545e-01   2.4318182e-01   9.7727273e-02   5.4772727e-01   2.7045455e-01   2.1136364e-01   2.5227273e-01   5.7954545e-01
   1.6590909e-01   3.9318182e-01   6.4318182e-01   6.6136364e-01   3.4090909e-02   7.7045455e-01   1.5227273e-01   5.6590909e-01   2.8863636e-01   2.5681818e-01   4.1590909e-01   5.7045455e-01   4.2045455e-01   3.0227273e-01   3.1590909e-01   8.4772727e-01   8.1590909e-01   6.9772727e-01   8.4090909e-02   1.1363636e-02   5.6136364e-01
   8.7954545e-01   8.8409091e-01   3.4772727e-01   5.9318182e-01   5.0227273e-01   4.0681818e-01   6.6590909e-01   2.5000000e-02   9.7954545e-01   8.1136364e-01   3.4772727e-01   2.7045455e-01   4.1590909e-01   4.3409091e-01   4.7954545e-01   2.8409091e-01   5.8409091e-01   2.4318182e-01   4.7500000e-01   5.6136364e-01   3.2500000e-01
   2.0227273e-01   5.2954545e-01   4.1136364e-01   7.5000000e-02   3.1136364e-01   8.9318182e-01   3.5681818e-01   5.5681818e-01   8.9318182e-01   9.7500000e-01   5.3409091e-01   3.7045455e-01   1.9318182e-01   8.4318182e-01   3.8409091e-01   5.0227273e-01   8.2045455e-01   9.4772727e-01   3.8863636e-01   8.8863636e-01   7.4772727e-01
   2.2954545e-01   4.4772727e-01   2.9318182e-01   5.2500000e-01   9.7727273e-02   3.2954545e-01   8.9772727e-01   7.4772727e-01   4.9318182e-01   5.6136364e-01   8.0681818e-01   7.8863636e-01   1.5681818e-01   5.9772727e-01   7.2045455e-01   7.5000000e-02   2.2500000e-01   3.8409091e-01   2.3863636e-01   4.2500000e-01   9.8409091e-01
   1.9772727e-01   6.1363636e-02   5.3863636e-01   1.3863636e-01   6.7045455e-01   5.2954545e-01   2.7500000e-01   9.6590909e-01   7.3409091e-01   8.2954545e-01   4.6136364e-01   8.2500000e-01   9.8863636e-01   1.2045455e-01   4.5227273e-01   4.1136364e-01   1.3863636e-01   8.9772727e-01   7.2500000e-01   8.3863636e-01   5.7500000e-01
   4.7954545e-01   8.5227273e-01   3.6136364e-01   6.2045455e-01   5.3863636e-01   3.4772727e-01   9.1590909e-01   3.0227273e-01   2.8409091e-01   8.4318182e-01   6.2045455e-01   3.2954545e-01   1.1363636e-02   1.2500000e-01   7.3409091e-01   3.0681818e-01   6.6136364e-01   2.1590909e-01   9.4318182e-01   1.6590909e-01   2.7500000e-01
   5.0227273e-01   7.5000000e-02   6.1590909e-01   8.2045455e-01   7.6590909e-01   6.5227273e-01   8.6136364e-01   1.0681818e-01   5.5681818e-01   2.0454545e-02   9.9318182e-01   7.6136364e-01   3.0681818e-01   1.7500000e-01   2.7045455e-01   5.3409091e-01   1.5681818e-01   8.8409091e-01   1.1136364e-01   6.3863636e-01   5.2272727e-02
   1.8409091e-01   5.6136364e-01   4.8863636e-01   2.5227273e-01   4.0681818e-01   4.2954545e-01   1.6590909e-01   2.8409091e-01   5.7954545e-01   3.4090909e-02   9.2045455e-01   2.8409091e-01   7.7954545e-01   5.2272727e-02   7.5227273e-01   3.2954545e-01   3.0227273e-01   6.4318182e-01   7.1136364e-01   8.6136364e-01   7.8863636e-01
   7.7500000e-01   1.0681818e-01   1.6136364e-01   7.4772727e-01   9.5681818e-01   7.3863636e-01   6.9318182e-01   9.9772727e-01   4.2045455e-01   6.9318182e-01   5.4318182e-01   5.3863636e-01   5.2272727e-02   1.5681818e-01   7.7500000e-01   5.4772727e-01   1.7045455e-01   6.3409091e-01   2.2045455e-01   3.9318182e-01   1.5909091e-02
   4.3181818e-02   7.7954545e-01   3.8636364e-02   8.0227273e-01   9.1136364e-01   2.0454545e-02   8.7500000e-01   7.2045455e-01   4.1136364e-01   3.7954545e-01   3.6590909e-01   1.8409091e-01   5.7045455e-01   1.4318182e-01   2.8863636e-01   8.2954545e-01   3.8863636e-01   3.6590909e-01   2.2727273e-03   4.4772727e-01   2.9772727e-01
   3.1590909e-01   2.9772727e-01   6.7954545e-01   9.7727273e-02   9.6590909e-01   5.6818182e-02   6.6136364e-01   7.0227273e-01   3.2045455e-01   2.8863636e-01   9.1136364e-01   3.4772727e-01   8.3409091e-01   2.4318182e-01   7.1136364e-01   8.7500000e-01   9.4318182e-01   7.0681818e-01   3.7500000e-01   4.5681818e-01   5.8863636e-01
   9.1136364e-01   5.0227273e-01   6.9772727e-01   8.9318182e-01   7.2500000e-01   3.4090909e-02   2.5227273e-01   8.1136364e-01   6.2954545e-01   6.2954545e-01   5.9318182e-01   9.2954545e-01   9.1590909e-01   5.7045455e-01   6.2954545e-01   4.8409091e-01   5.7045455e-01   9.8863636e-01   1.6590909e-01   6.0227273e-01   1.8863636e-01
   9.4318182e-01   1.2954545e-01   5.2045455e-01   4.5227273e-01   2.4318182e-01   2.2500000e-01   6.8181818e-03   9.3409091e-01   4.7500000e-01   7.2500000e-01   5.4772727e-01   4.5681818e-01   4.7045455e-01   7.6136364e-01   6.8409091e-01   6.1136364e-01   2.3409091e-01   6.7045455e-01   5.4318182e-01   1.5227273e-01   4.5681818e-01
   8.4090909e-02   4.2954545e-01   1.3863636e-01   8.8636364e-02   8.4090909e-02   1.8409091e-01   9.2500000e-01   9.2045455e-01   6.0681818e-01   7.9772727e-01   1.4772727e-01   8.8863636e-01   2.2045455e-01   5.5681818e-01   6.9318182e-01   2.6590909e-01   3.1136364e-01   3.5227273e-01   5.7045455e-01   1.2045455e-01   1.9318182e-01
   8.2045455e-01   7.5227273e-01   1.2954545e-01   6.5681818e-01   6.7954545e-01   3.1136364e-01   5.1136364e-01   7.1590909e-01   9.8409091e-01   3.7500000e-01   1.2954545e-01   5.6590909e-01   2.1590909e-01   7.1136364e-01   9.8863636e-01   6.5909091e-02   4.7954545e-01   7.7500000e-01   6.2954545e-01   1.5681818e-01   8.7500000e-01
   2.2500000e-01   9.6590909e-01   8.4318182e-01   7.6136364e-01   7.7954545e-01   2.8863636e-01   1.7500000e-01   8.9772727e-01   8.0681818e-01   3.5227273e-01   2.9318182e-01   6.6590909e-01   6.2954545e-01   3.7500000e-01   6.7500000e-01   5.6818182e-02   7.8863636e-01   2.6590909e-01   8.6136364e-01   4.6136364e-01   5.8409091e-01
   4.4318182e-01   6.7045455e-01   4.6590909e-01   2.9318182e-01   1.6136364e-01   1.5909091e-02   7.9545455e-02   8.6136364e-01   1.8409091e-01   2.3409091e-01   9.9772727e-01   6.5681818e-01   2.5000000e-02   2.3863636e-01   8.8409091e-01   5.9318182e-01   3.2045455e-01   5.3863636e-01   1.5909091e-02   5.2045455e-01   6.2954545e-01
   6.8863636e-01   2.9545455e-02   7.3409091e-01   4.2954545e-01   2.2500000e-01   1.9318182e-01   8.5681818e-01   6.7954545e-01   9.6136364e-01   2.5000000e-02   3.4090909e-02   4.8409091e-01   1.4772727e-01   3.3863636e-01   3.7500000e-01   4.6136364e-01   6.5681818e-01   7.9772727e-01   6.4772727e-01   7.0227273e-01   5.3863636e-01
   4.0227273e-01   2.2045455e-01   4.2954545e-01   8.0681818e-01   5.1136364e-01   8.4090909e-02   1.5681818e-01   8.8863636e-01   1.1363636e-02   3.4772727e-01   1.8409091e-01   4.3863636e-01   6.5227273e-01   3.3409091e-01   7.5681818e-01   9.3181818e-02   9.4772727e-01   5.1136364e-01   9.7500000e-01   4.1136364e-01   8.7045455e-01
   8.1590909e-01   8.4772727e-01   8.9318182e-01   8.5227273e-01   5.7500000e-01   6.5681818e-01   6.8409091e-01   2.0681818e-01   9.3181818e-02   9.2500000e-01   3.9772727e-01   8.9318182e-01   4.2954545e-01   3.8863636e-01   9.1590909e-01   5.2500000e-01   2.0454545e-02   8.0681818e-01   9.7954545e-01   3.3409091e-01   5.1590909e-01
   5.1136364e-01   1.0227273e-01   3.9772727e-01   4.0681818e-01   6.1590909e-01   2.8409091e-01   9.8863636e-01   3.6136364e-01   3.3863636e-01   1.7045455e-01   6.8863636e-01   6.7500000e-01   2.8409091e-01   4.2500000e-01   2.6136364e-01   3.2045455e-01   4.5227273e-01   2.1136364e-01   4.0227273e-01   5.2272727e-02   7.5681818e-01
   5.0681818e-01   8.0227273e-01   3.7500000e-01   3.9318182e-01   1.3409091e-01   5.6590909e-01   3.1136364e-01   5.3409091e-01   2.0227273e-01   5.2045455e-01   6.1363636e-02   1.2045455e-01   2.0227273e-01   2.2500000e-01   5.0227273e-01   2.5000000e-02   6.3863636e-01   2.2954545e-01   3.4318182e-01   9.5227273e-01   8.5227273e-01
   3.7500000e-01   4.7045455e-01   8.8863636e-01   6.9318182e-01   8.5681818e-01   2.9318182e-01   7.2045455e-01   5.2045455e-01   5.4772727e-01   1.3409091e-01   2.9545455e-02   3.6590909e-01   4.8863636e-01   9.3409091e-01   9.4772727e-01   6.6590909e-01   7.9772727e-01   7.5681818e-01   9.9772727e-01   7.5000000e-02   1.6136364e-01
   8.8863636e-01   9.3863636e-01   6.6136364e-01   8.9772727e-01   5.4318182e-01   8.8409091e-01   7.0681818e-01   3.0681818e-01   8.7500000e-01   7.4772727e-01   3.2045455e-01   8.5227273e-01   6.5909091e-02   8.2045455e-01   5.7500000e-01   5.3863636e-01   2.2045455e-01   2.9772727e-01   5.0227273e-01   9.4772727e-01   4.6136364e-01
   8.0227273e-01   7.7045455e-01   7.8863636e-01   9.4772727e-01   6.4772727e-01   4.7727273e-02   3.4090909e-02   8.3863636e-01   9.8863636e-01   9.3409091e-01   9.7954545e-01   2.4318182e-01   1.0681818e-01   9.9772727e-01   2.2727273e-03   3.6136364e-01   1.7954545e-01   4.9318182e-01   2.9772727e-01   2.7500000e-01   2.8409091e-01
   1.4318182e-01   4.8409091e-01   6.4772727e-01   4.2045455e-01   5.8863636e-01   4.8409091e-01   6.3409091e-01   3.3863636e-01   2.2954545e-01   3.5681818e-01   9.6136364e-01   5.2045455e-01   7.9545455e-02   7.7045455e-01   9.2500000e-01   8.1136364e-01   9.3409091e-01   6.5681818e-01   3.1590909e-01   9.7727273e-02   8.8409091e-01
   5.4772727e-01   8.6590909e-01   6.8863636e-01   6.4318182e-01   7.0681818e-01   9.5227273e-01   7.7045455e-01   8.1590909e-01   4.8409091e-01   1.9318182e-01   7.4772727e-01   3.2500000e-01   4.0227273e-01   2.1590909e-01   1.3409091e-01   7.9545455e-02   8.8863636e-01   4.7500000e-01   2.5000000e-02   7.4772727e-01   9.3181818e-02
   8.3409091e-01   2.6590909e-01   9.2045455e-01   8.6136364e-01   1.0681818e-01   8.9772727e-01   8.3863636e-01   7.0454545e-02   8.2045455e-01   9.0227273e-01   6.9772727e-01   1.2500000e-01   9.1136364e-01   5.4318182e-01   9.6136364e-01   7.9318182e-01   1.8863636e-01   2.0681818e-01   5.2954545e-01   7.7045455e-01   6.7045455e-01
   7.2045455e-01   3.7954545e-01   5.3409091e-01   9.1136364e-01   1.4772727e-01   7.4318182e-01   5.2954545e-01   8.0227273e-01   1.7954545e-01   7.3863636e-01   6.2500000e-01   5.8863636e-01   8.2954545e-01   5.2500000e-01   4.4772727e-01   4.5227273e-01   9.7500000e-01   1.0227273e-01   1.5227273e-01   9.0681818e-01   3.7500000e-01
   7.4318182e-01   1.8409091e-01   4.3181818e-02   8.4772727e-01   4.8863636e-01   3.8409091e-01   6.8863636e-01   3.5681818e-01   6.8181818e-03   6.8409091e-01   2.2954545e-01   6.2954545e-01   2.7045455e-01   7.8863636e-01   8.6136364e-01   4.1590909e-01   1.7500000e-01   1.3409091e-01   3.2500000e-01   6.5681818e-01   2.9318182e-01
   7.8863636e-01   7.2500000e-01   3.0681818e-01   3.3409091e-01   2.5681818e-01   8.8863636e-01   2.9545455e-02   4.7727273e-02   2.9545455e-02   4.9318182e-01   8.1136364e-01   8.7045455e-01   4.8409091e-01   8.3409091e-01   8.3409091e-01   6.7045455e-01   4.1590909e-01   4.7045455e-01   2.8409091e-01   5.0227273e-01   6.1136364e-01
   3.2500000e-01   6.8409091e-01   7.6590909e-01   1.4772727e-01   6.6590909e-01   2.5227273e-01   1.3409091e-01   4.3863636e-01   3.7500000e-01   4.5681818e-01   2.5681818e-01   8.8409091e-01   2.3863636e-01   2.8409091e-01   4.5681818e-01   9.7500000e-01   7.6136364e-01   4.3863636e-01   1.1363636e-02   3.4772727e-01   1.7954545e-01
   6.5227273e-01   7.0681818e-01   1.4318182e-01   2.2045455e-01   9.5227273e-01   9.1590909e-01   2.3863636e-01   3.5227273e-01   6.5227273e-01   5.9318182e-01   8.3409091e-01   3.3409091e-01   5.2954545e-01   8.1590909e-01   1.5909091e-02   9.7954545e-01   3.8636364e-02   1.9318182e-01   7.2954545e-01   4.7954545e-01   1.7500000e-01
   9.3863636e-01   6.7954545e-01   9.7045455e-01   6.8181818e-03   2.9318182e-01   7.0681818e-01   3.3863636e-01   8.7954545e-01   2.5681818e-01   4.0681818e-01   2.2727273e-03   6.8409091e-01   8.8636364e-02   6.2500000e-01   4.8409091e-01   9.9772727e-01   8.4318182e-01   5.9318182e-01   6.1136364e-01   4.9318182e-01   9.4318182e-01
   3.5227273e-01   2.0227273e-01   5.6590909e-01   9.7045455e-01   8.7045455e-01   4.7954545e-01   3.2954545e-01   9.4772727e-01   6.6590909e-01   8.3863636e-01   2.6590909e-01   1.8863636e-01   2.4772727e-01   6.7500000e-01   6.1136364e-01   4.8863636e-01   9.7045455e-01   6.3863636e-01   3.8409091e-01   6.4318182e-01   3.7045455e-01
   3.6590909e-01   9.0227273e-01   9.4318182e-01   9.7954545e-01   6.0681818e-01   7.0227273e-01   8.4772727e-01   2.4772727e-01   3.1136364e-01   2.0227273e-01   9.2954545e-01   7.9545455e-02   3.2500000e-01   1.8863636e-01   5.4318182e-01   6.6136364e-01   4.6136364e-01   6.0227273e-01   5.2045455e-01   7.5227273e-01   2.3863636e-01
   2.8409091e-01   6.5909091e-02   2.0681818e-01   7.9318182e-01   5.3409091e-01   4.2045455e-01   6.7954545e-01   5.2500000e-01   3.0227273e-01   2.2727273e-03   1.4318182e-01   5.1590909e-01   7.1136364e-01   3.8636364e-02   5.2954545e-01   8.0227273e-01   3.4318182e-01   2.0454545e-02   6.1590909e-01   9.9772727e-01   1.1136364e-01
   4.9772727e-01   8.9772727e-01   5.7954545e-01   9.0227273e-01   9.7954545e-01   7.5000000e-02   3.9772727e-01   3.9772727e-01   9.7045455e-01   4.9772727e-01   8.6136364e-01   9.4772727e-01   9.3181818e-02   2.5681818e-01   6.4772727e-01   2.2954545e-01   7.0681818e-01   2.9318182e-01   1.0681818e-01   8.2954545e-01   9.0681818e-01
   4.5227273e-01   4.7727273e-02   8.3863636e-01   5.8863636e-01   7.1590909e-01   8.1136364e-01   2.6590909e-01   4.6136364e-01   4.7727273e-02   6.4318182e-01   5.2045455e-01   2.6590909e-01   4.2500000e-01   2.0454545e-02   4.2954545e-01   7.0227273e-01   9.1590909e-01   7.6136364e-01   2.7045455e-01   3.2500000e-01   9.8863636e-01
   9.0681818e-01   7.9772727e-01   2.2500000e-01   7.7045455e-01   6.0227273e-01   5.8863636e-01   8.8863636e-01   6.9318182e-01   2.1136364e-01   1.9772727e-01   2.0681818e-01   2.7954545e-01   9.3409091e-01   3.7045455e-01   9.7727273e-02   4.7500000e-01   7.1590909e-01   7.1590909e-01   8.2500000e-01   8.5227273e-01   3.9318182e-01
   5.8863636e-01   5.2500000e-01   5.5227273e-01   1.1363636e-02   2.2727273e-03   1.5681818e-01   8.4318182e-01   8.0681818e-01   5.0227273e-01   1.5681818e-01   5.7500000e-01   9.0681818e-01   3.2954545e-01   9.9318182e-01   7.0454545e-02   1.7500000e-01   2.5000000e-02   8.5681818e-01   8.7954545e-01   5.6590909e-01   1.5681818e-01
   3.4318182e-01   8.1590909e-01   7.1136364e-01   3.8636364e-02   9.3181818e-02   4.9318182e-01   5.0227273e-01   6.5909091e-02   9.3409091e-01   6.1363636e-02   3.5681818e-01   9.9772727e-01   6.4318182e-01   1.7045455e-01   9.2954545e-01   4.5681818e-01   9.5681818e-01   5.7954545e-01   2.9545455e-02   2.0454545e-02   8.9772727e-01
   1.0227273e-01   7.1590909e-01   6.7500000e-01   6.8863636e-01   9.8863636e-01   9.3863636e-01   4.7727273e-02   9.1590909e-01   7.7954545e-01   3.8409091e-01   7.1590909e-01   9.2045455e-01   2.9772727e-01   2.3409091e-01   2.7500000e-01   6.0227273e-01   3.5227273e-01   2.0227273e-01   4.7954545e-01   7.7954545e-01   4.3863636e-01
   5.6818182e-02   8.5681818e-01   5.1590909e-01   1.8863636e-01   7.3409091e-01   3.6590909e-01   5.4772727e-01   7.6590909e-01   5.2272727e-02   4.8863636e-01   2.2500000e-01   8.4318182e-01   5.3863636e-01   6.7045455e-01   5.6818182e-02   6.2045455e-01   2.4772727e-01   8.1136364e-01   8.1590909e-01   8.4772727e-01   1.9772727e-01
   5.8409091e-01   1.3409091e-01   4.0681818e-01   1.0681818e-01   7.8409091e-01   8.5227273e-01   3.0227273e-01   4.8409091e-01   7.8863636e-01   7.9545455e-02   1.7500000e-01   3.8863636e-01   6.4772727e-01   1.1590909e-01   6.3409091e-01   6.8863636e-01   3.3409091e-01   5.9772727e-01   9.0681818e-01   2.7045455e-01   6.7954545e-01
   3.4772727e-01   5.6818182e-02   8.2954545e-01   7.5227273e-01   7.5681818e-01   4.0227273e-01   1.1363636e-02   2.2954545e-01   4.0681818e-01   2.3863636e-01   3.7045455e-01   8.3863636e-01   7.6136364e-01   8.0227273e-01   2.5227273e-01   8.8409091e-01   2.1136364e-01   9.0227273e-01   7.9318182e-01   4.8409091e-01   6.5909091e-02
   6.1136364e-01   3.4090909e-02   7.5227273e-01   4.1590909e-01   6.9318182e-01   1.5227273e-01   1.7954545e-01   4.7045455e-01   2.7500000e-01   4.0227273e-01   9.4772727e-01   2.9318182e-01   3.6590909e-01   7.3863636e-01   6.7954545e-01   5.7954545e-01   2.2954545e-01   4.6136364e-01   9.8863636e-01   9.0227273e-01   1.0227273e-01
   1.5909091e-02   9.4772727e-01   4.9318182e-01   9.7500000e-01   4.4772727e-01   5.0227273e-01   3.2045455e-01   8.4090909e-02   1.8863636e-01   5.6818182e-02   7.5227273e-01   7.0681818e-01   4.3181818e-02   8.3863636e-01   6.7045455e-01   4.7727273e-02   3.1590909e-01   3.6136364e-01   5.5227273e-01   1.1136364e-01   5.5227273e-01
   7.5227273e-01   9.5227273e-01   4.9772727e-01   1.2500000e-01   4.5227273e-01   1.7500000e-01   6.2500000e-01   6.1136364e-01   4.7954545e-01   6.8863636e-01   7.8863636e-01   4.6590909e-01   5.2045455e-01   9.0227273e-01   6.1363636e-02   3.5681818e-01   1.8409091e-01   8.7954545e-01   5.6818182e-02   5.4772727e-01   9.1590909e-01
   3.2045455e-01   9.9772727e-01   1.5227273e-01   7.9545455e-02   4.7500000e-01   1.1363636e-02   1.6136364e-01   4.7954545e-01   1.7045455e-01   8.1590909e-01   9.7500000e-01   5.6818182e-02   7.5681818e-01   8.8409091e-01   7.1590909e-01   4.2500000e-01   8.2954545e-01   3.4772727e-01   7.9545455e-02   2.4772727e-01   2.1136364e-01
   6.4772727e-01   5.8863636e-01   1.7954545e-01   8.7954545e-01   2.8863636e-01   1.3863636e-01   4.8409091e-01   4.3181818e-02   2.6136364e-01   4.8409091e-01   4.9772727e-01   5.9772727e-01   9.4772727e-01   5.6818182e-02   7.9772727e-01   2.4772727e-01   5.2500000e-01   9.4318182e-01   9.7045455e-01   1.2954545e-01   1.7045455e-01
   1.7500000e-01   3.2954545e-01   6.1136364e-01   8.5681818e-01   6.8181818e-03   9.7500000e-01   4.6590909e-01   4.8863636e-01   9.3863636e-01   7.3409091e-01   3.5227273e-01   6.9772727e-01   5.4772727e-01   5.9318182e-01   8.8863636e-01   1.9772727e-01   3.4772727e-01   3.7500000e-01   4.5227273e-01   4.9772727e-01   3.8636364e-02
   5.1590909e-01   7.7500000e-01   1.0681818e-01   1.9318182e-01   4.1590909e-01   7.1136364e-01   5.0681818e-01   5.0227273e-01   9.1136364e-01   9.9318182e-01   8.1590909e-01   9.1136364e-01   8.2045455e-01   8.0681818e-01   8.0227273e-01   6.4772727e-01   8.7045455e-01   7.5000000e-02   8.5681818e-01   2.9545455e-02   7.9772727e-01
   7.4772727e-01   4.7500000e-01   1.4772727e-01   5.6590909e-01   7.6136364e-01   1.6590909e-01   4.9772727e-01   7.4318182e-01   8.8409091e-01   5.3863636e-01   3.8409091e-01   1.6136364e-01   2.5681818e-01   4.7727273e-02   8.1590909e-01   5.8409091e-01   8.5227273e-01   2.9545455e-02   8.8409091e-01   2.9318182e-01   7.5227273e-01
   4.4772727e-01   6.1590909e-01   8.6590909e-01   4.7727273e-02   4.2954545e-01   1.1590909e-01   2.8863636e-01   6.3409091e-01   3.4090909e-02   9.9772727e-01   7.7045455e-01   2.0681818e-01   8.7954545e-01   2.1136364e-01   7.6590909e-01   3.7045455e-01   3.7500000e-01   4.8409091e-01   9.4772727e-01   5.3409091e-01   8.4772727e-01
   6.7045455e-01   2.4318182e-01   6.8409091e-01   6.5227273e-01   5.9318182e-01   9.9318182e-01   7.9772727e-01   7.2500000e-01   1.2045455e-01   4.4318182e-01   7.0681818e-01   7.1590909e-01   8.3863636e-01   4.3863636e-01   8.2954545e-01   5.1136364e-01   7.9545455e-02   1.1590909e-01   7.6136364e-01   3.7045455e-01   2.6590909e-01
   8.1136364e-01   8.2045455e-01   5.6136364e-01   6.7500000e-01   5.6136364e-01   9.6136364e-01   7.0227273e-01   9.3863636e-01   5.5227273e-01   3.3409091e-01   8.2500000e-01   5.7500000e-01   5.9772727e-01   5.1590909e-01   5.2045455e-01   1.0227273e-01   6.3409091e-01   8.6136364e-01   9.2954545e-01   6.2954545e-01   6.6136364e-01
   3.8863636e-01   7.9545455e-02   9.5681818e-01   7.0227273e-01   8.9318182e-01   3.9772727e-01   2.1590909e-01   3.1590909e-01   5.6818182e-02   2.7954545e-01   3.9318182e-01   4.7045455e-01   3.4772727e-01   8.9772727e-01   8.1136364e-01   2.4318182e-01   7.8409091e-01   7.2500000e-01   6.3409091e-01   2.6590909e-01   8.8636364e-02
   5.6590909e-01   7.9318182e-01   7.2954545e-01   8.2500000e-01   3.1590909e-01   5.1590909e-01   9.3409091e-01   3.2500000e-01   1.9772727e-01   7.9318182e-01   8.9318182e-01   2.3409091e-01   1.3863636e-01   2.7500000e-01   2.4772727e-01   4.9318182e-01   9.9772727e-01   4.4772727e-01   6.8409091e-01   8.9772727e-01   1.5227273e-01
   7.6136364e-01   7.6590909e-01   6.2045455e-01   6.8409091e-01   6.5909091e-02   6.3409091e-01   1.7045455e-01   9.4318182e-01   6.4318182e-01   8.0227273e-01   4.1136364e-01   9.9318182e-01   8.8409091e-01   7.5000000e-02   7.0227273e-01   5.5681818e-01   6.9318182e-01   2.8409091e-01   1.5681818e-01   5.9318182e-01   3.8409091e-01
   9.2500000e-01   3.3863636e-01   7.7045455e-01   1.5909091e-02   8.2500000e-01   2.5681818e-01   3.5227273e-01   1.8409091e-01   1.3863636e-01   7.2954545e-01   8.8636364e-02   9.7954545e-01   6.2500000e-01   1.9318182e-01   4.6590909e-01   3.8863636e-01   5.0227273e-01   8.7500000e-01   9.3181818e-02   8.3409091e-01   4.9318182e-01
   5.9318182e-01   9.9318182e-01   3.4318182e-01   6.5909091e-02   9.2045455e-01   6.8863636e-01   7.5681818e-01   2.0454545e-02   7.2500000e-01   2.7500000e-01   4.7045455e-01   3.1136364e-01   6.6590909e-01   2.4772727e-01   4.9772727e-01   4.4772727e-01   4.7727273e-02   1.0681818e-01   1.2500000e-01   1.7954545e-01   1.0681818e-01
   9.5227273e-01   4.5227273e-01   3.9318182e-01   5.7954545e-01   5.1590909e-01   9.4318182e-01   9.5681818e-01   9.0681818e-01   6.1363636e-02   9.8863636e-01   8.5681818e-01   5.2272727e-02   7.6590909e-01   7.9545455e-02   9.9772727e-01   3.9772727e-01   9.6136364e-01   5.7045455e-01   3.1136364e-01   3.5681818e-01   7.2045455e-01
   2.5000000e-02   3.3409091e-01   3.2954545e-01   2.7954545e-01   2.0454545e-02   4.9772727e-01   2.2045455e-01   1.5681818e-01   4.5227273e-01   5.4318182e-01   7.3409091e-01   9.0227273e-01   5.0681818e-01   6.4772727e-01   1.5227273e-01   1.1590909e-01   5.1136364e-01   5.3409091e-01   9.6136364e-01   6.0681818e-01   5.4318182e-01
   8.8636364e-02   9.7500000e-01   3.5681818e-01   2.3409091e-01   3.0227273e-01   8.3863636e-01   9.0227273e-01   6.7045455e-01   2.5227273e-01   6.7954545e-01   3.7500000e-01   4.9318182e-01   3.2045455e-01   5.1136364e-01   3.1136364e-01   9.0681818e-01   2.8409091e-01   3.3409091e-01   3.2954545e-01   1.3409091e-01   5.2954545e-01
   4.6136364e-01   8.2954545e-01   2.4318182e-01   1.1590909e-01   2.4772727e-01   8.5681818e-01   9.7954545e-01   6.5227273e-01   5.0681818e-01   6.0681818e-01   7.8409091e-01   1.9318182e-01   5.6590909e-01   6.6136364e-01   3.8636364e-02   3.6590909e-01   5.9318182e-01   3.5681818e-01   8.9772727e-01   6.9772727e-01   9.6136364e-01
   4.3409091e-01   2.0681818e-01   7.4318182e-01   9.3181818e-02   5.0681818e-01   1.6136364e-01   7.6136364e-01   1.5227273e-01   4.0227273e-01   4.1136364e-01   7.3863636e-01   4.0227273e-01   2.9545455e-02   4.5227273e-01   4.8863636e-01   5.1590909e-01   8.4772727e-01   9.9318182e-01   1.1590909e-01   2.2045455e-01   1.6590909e-01
   4.0681818e-01   8.7954545e-01   3.8409091e-01   9.9772727e-01   9.6136364e-01   7.8863636e-01   5.9772727e-01   9.6136364e-01   3.0681818e-01   5.7500000e-01   1.3863636e-01   9.3409091e-01   1.7954545e-01   2.2954545e-01   5.8409091e-01   5.7500000e-01   4.9772727e-01   6.6136364e-01   8.8636364e-02   1.9318182e-01   6.8863636e-01
   7.9545455e-02   5.3863636e-01   4.6136364e-01   2.7045455e-01   4.7727273e-02   2.2727273e-03   7.1136364e-01   2.7045455e-01   4.6136364e-01   6.7500000e-01   7.0227273e-01   9.8409091e-01   5.9318182e-01   4.7500000e-01   2.1136364e-01   6.3863636e-01   7.1136364e-01   8.6590909e-01   4.6136364e-01   8.2045455e-01   8.4318182e-01
   6.0681818e-01   6.4772727e-01   1.5681818e-01   5.1136364e-01   5.8409091e-01   8.7500000e-01   8.7045455e-01   2.4318182e-01   7.4318182e-01   3.2045455e-01   2.2045455e-01   7.5000000e-02   4.3409091e-01   9.5227273e-01   4.7727273e-02   5.9772727e-01   8.3863636e-01   5.2954545e-01   9.2045455e-01   6.1363636e-02   3.7954545e-01
   9.9772727e-01   4.8863636e-01   6.5227273e-01   2.4772727e-01   2.6590909e-01   5.5681818e-01   8.8409091e-01   5.8409091e-01   3.9772727e-01   4.2500000e-01   2.7954545e-01   9.8863636e-01   5.5227273e-01   7.3409091e-01   9.0681818e-01   7.5227273e-01   2.1590909e-01   6.5909091e-02   1.7500000e-01   6.2500000e-01   9.7727273e-02
   2.6590909e-01   2.9318182e-01   7.3863636e-01   5.5227273e-01   1.8863636e-01   3.2045455e-01   5.1590909e-01   2.3863636e-01   6.8863636e-01   7.5681818e-01   1.0227273e-01   5.9318182e-01   7.3863636e-01   4.6136364e-01   8.4772727e-01   7.5681818e-01   3.0681818e-01   9.3181818e-02   1.9772727e-01   7.1136364e-01   2.9545455e-02
   5.2045455e-01   5.2272727e-02   2.2727273e-03   3.9772727e-01   7.7500000e-01   7.7954545e-01   5.5227273e-01   7.7500000e-01   2.9772727e-01   8.4772727e-01   8.4318182e-01   7.3409091e-01   4.5227273e-01   9.1136364e-01   8.0681818e-01   3.7954545e-01   6.4772727e-01   4.6590909e-01   3.6136364e-01   9.2954545e-01   1.1363636e-02
   1.5227273e-01   2.5227273e-01   9.1590909e-01   8.3863636e-01   1.9772727e-01   6.3863636e-01   9.7500000e-01   6.4772727e-01   1.1590909e-01   9.6590909e-01   8.4772727e-01   8.2045455e-01   6.7500000e-01   9.6590909e-01   1.4772727e-01   1.6590909e-01   7.5227273e-01   6.7954545e-01   4.3863636e-01   3.2954545e-01   3.2045455e-01
   2.4318182e-01   2.3409091e-01   4.7045455e-01   2.5681818e-01   2.3863636e-01   5.2500000e-01   9.5227273e-01   6.8409091e-01   4.2954545e-01   5.2500000e-01   5.2272727e-02   1.1363636e-02   6.9318182e-01   4.8409091e-01   1.2954545e-01   2.2727273e-03   5.2045455e-01   7.5227273e-01   4.3181818e-02   8.7045455e-01   2.5227273e-01
   5.3409091e-01   2.7954545e-01   9.6590909e-01   6.6590909e-01   3.2954545e-01   9.6590909e-01   4.1136364e-01   1.3863636e-01   3.6136364e-01   3.0227273e-01   3.2954545e-01   9.2500000e-01   5.1590909e-01   3.1590909e-01   7.6136364e-01   3.5227273e-01   1.4772727e-01   3.4318182e-01   3.9772727e-01   4.2954545e-01   3.3863636e-01
   9.5681818e-01   9.2500000e-01   7.7954545e-01   5.0681818e-01   2.2954545e-01   8.4772727e-01   6.0681818e-01   2.6590909e-01   3.7045455e-01   3.6136364e-01   1.5909091e-02   3.2045455e-01   4.1136364e-01   2.7954545e-01   2.1590909e-01   8.9318182e-01   9.6590909e-01   5.1590909e-01   2.1590909e-01   9.9318182e-01   6.4318182e-01
   7.7954545e-01   5.0681818e-01   2.2954545e-01   7.0454545e-02   3.9318182e-01   9.8409091e-01   3.2500000e-01   9.2954545e-01   2.2727273e-03   6.5909091e-02   3.7954545e-01   2.8863636e-01   2.5227273e-01   1.9772727e-01   8.7500000e-01   9.2045455e-01   7.0454545e-02   1.5227273e-01   8.9318182e-01   6.7045455e-01   5.9318182e-01
   6.5909091e-02   6.2045455e-01   4.8409091e-01   7.3863636e-01   1.7500000e-01   6.8409091e-01   1.1590909e-01   8.4318182e-01   5.8409091e-01   2.6590909e-01   4.0681818e-01   1.1136364e-01   6.6136364e-01   1.6590909e-01   9.3409091e-01   8.0681818e-01   4.0227273e-01   1.2500000e-01   5.6590909e-01   9.6590909e-01   2.4772727e-01
   5.6136364e-01   2.7045455e-01   2.6136364e-01   2.8863636e-01   9.3409091e-01   2.9545455e-02   4.2500000e-01   5.1590909e-01   1.2954545e-01   8.2045455e-01   7.2045455e-01   5.6136364e-01   7.9318182e-01   3.4772727e-01   2.9545455e-02   5.6136364e-01   7.9318182e-01   5.5681818e-01   8.2954545e-01   4.3181818e-02   4.2954545e-01
   6.9318182e-01   9.8863636e-01   2.4772727e-01   5.2272727e-02   2.7954545e-01   5.6136364e-01   7.0454545e-02   4.5681818e-01   4.3409091e-01   6.3863636e-01   5.7045455e-01   3.5681818e-01   1.2500000e-01   2.5227273e-01   8.2500000e-01   7.2500000e-01   8.5681818e-01   3.9772727e-01   7.5000000e-02   2.0227273e-01   3.6136364e-01
   4.2500000e-01   1.5909091e-02   9.5227273e-01   4.8863636e-01   5.9772727e-01   9.3409091e-01   7.1590909e-01   8.7045455e-01   6.1590909e-01   5.3409091e-01   8.7045455e-01   8.0227273e-01   2.3409091e-01   9.8409091e-01   3.6136364e-01   7.2954545e-01   6.2500000e-01   3.8863636e-01   4.8863636e-01   1.3863636e-01   7.7500000e-01
   7.0454545e-02   3.8863636e-01   2.8863636e-01   7.6590909e-01   3.2500000e-01   2.1590909e-01   2.9318182e-01   6.5681818e-01   8.6136364e-01   8.2500000e-01   1.8863636e-01   1.7954545e-01   2.7954545e-01   4.7045455e-01   1.1136364e-01   8.2500000e-01   5.3863636e-01   1.2954545e-01   1.6136364e-01   2.3409091e-01   3.9772727e-01
   4.8409091e-01   5.4318182e-01   2.8409091e-01   7.1590909e-01   3.9772727e-01   3.3409091e-01   5.7045455e-01   2.2500000e-01   2.0681818e-01   9.3863636e-01   1.1590909e-01   7.1136364e-01   2.1136364e-01   6.8863636e-01   7.4772727e-01   4.3181818e-02   1.2500000e-01   9.6590909e-01   4.5681818e-01   8.9318182e-01   4.5227273e-01
   3.9318182e-01   9.2954545e-01   7.9318182e-01   9.2045455e-01   8.0681818e-01   3.7500000e-01   1.3863636e-01   5.7954545e-01   8.5227273e-01   4.6136364e-01   2.4772727e-01   5.5681818e-01   5.8409091e-01   1.6136364e-01   1.1590909e-01   1.2954545e-01   2.7954545e-01   4.2954545e-01   4.3409091e-01   6.6136364e-01   6.2045455e-01
   3.3409091e-01   4.6136364e-01   3.5227273e-01   5.3863636e-01   4.5681818e-01   7.9318182e-01   5.6818182e-02   7.5227273e-01   6.9772727e-01   4.5227273e-01   6.2954545e-01   3.8636364e-02   5.4318182e-01   3.9772727e-01   4.7500000e-01   7.0681818e-01   4.8409091e-01   8.1590909e-01   3.0681818e-01   7.8863636e-01   6.4772727e-01
   4.2954545e-01   7.0227273e-01   4.1590909e-01   4.2500000e-01   8.4318182e-01   8.4318182e-01   9.0681818e-01   7.5681818e-01   3.1590909e-01   8.5681818e-01   6.0681818e-01   5.5227273e-01   1.9772727e-01   1.7954545e-01   7.0681818e-01   3.2500000e-01   5.4318182e-01   7.2954545e-01   9.3409091e-01   5.7500000e-01   4.7727273e-02
   4.7500000e-01   8.3863636e-01   9.8409091e-01   6.2954545e-01   4.7045455e-01   3.7045455e-01   5.7500000e-01   1.1363636e-02   2.2045455e-01   1.8863636e-01   5.8409091e-01   2.0227273e-01   8.1590909e-01   3.8409091e-01   8.5227273e-01   6.1590909e-01   5.6136364e-01   8.4318182e-01   6.7954545e-01   2.2500000e-01   1.4772727e-01
   3.4090909e-02   2.2727273e-03   6.2500000e-01   8.1590909e-01   4.6590909e-01   9.1136364e-01   8.2045455e-01   2.9772727e-01   7.2045455e-01   8.6136364e-01   7.1136364e-01   6.1136364e-01   7.0454545e-02   5.0681818e-01   9.5227273e-01   8.2045455e-01   4.9318182e-01   8.3863636e-01   5.8863636e-01   7.9772727e-01   5.2045455e-01
   1.8863636e-01   3.9772727e-01   6.0681818e-01   4.0227273e-01   4.7954545e-01   6.5909091e-02   6.9772727e-01   4.4772727e-01   4.6590909e-01   8.8863636e-01   7.2500000e-01   4.2500000e-01   4.9772727e-01   8.7954545e-01   3.0227273e-01   2.5227273e-01   3.2500000e-01   5.0681818e-01   9.1590909e-01   2.1136364e-01   9.2045455e-01
   4.2045455e-01   9.7045455e-01   6.3863636e-01   3.1590909e-01   3.4772727e-01   3.8636364e-02   3.7500000e-01   4.2954545e-01   9.6590909e-01   5.5681818e-01   2.9772727e-01   6.3409091e-01   7.8863636e-01   8.4772727e-01   8.4318182e-01   9.0227273e-01   5.7954545e-01   2.3863636e-01   6.8863636e-01   8.7954545e-01   2.7045455e-01
   2.9545455e-02   4.3863636e-01   7.9772727e-01   4.3409091e-01   8.2954545e-01   9.2045455e-01   6.0227273e-01   8.8409091e-01   4.8863636e-01   2.7045455e-01   3.4318182e-01   3.0227273e-01   9.7045455e-01   6.8181818e-03   5.9772727e-01   9.3409091e-01   1.6136364e-01   8.8863636e-01   5.2500000e-01   8.5681818e-01   7.0681818e-01
   9.8409091e-01   7.6136364e-01   2.7954545e-01   3.4772727e-01   6.5227273e-01   6.0227273e-01   3.8409091e-01   9.8409091e-01   6.5909091e-02   5.7954545e-01   5.8863636e-01   9.1590909e-01   1.5227273e-01   5.6136364e-01   6.0227273e-01   4.3409091e-01   2.9318182e-01   8.2954545e-01   6.6136364e-01   7.7500000e-01   7.5000000e-02
   8.3863636e-01   9.7954545e-01   6.1363636e-02   6.1590909e-01   1.2954545e-01   8.7045455e-01   2.2500000e-01   6.0227273e-01   7.0681818e-01   5.9772727e-01   7.4318182e-01   7.0227273e-01   4.7727273e-02   4.1590909e-01   5.0681818e-01   2.9318182e-01   2.7500000e-01   2.2727273e-03   7.1590909e-01   7.2500000e-01   3.4090909e-02
   8.5681818e-01   6.3863636e-01   8.3409091e-01   6.9772727e-01   9.4318182e-01   1.1136364e-01   4.1590909e-01   6.2500000e-01   7.5227273e-01   2.6136364e-01   8.7500000e-01   8.9772727e-01   8.9772727e-01   3.2500000e-01   3.4090909e-02   1.6136364e-01   6.8863636e-01   5.2272727e-02   8.4772727e-01   5.5681818e-01   5.2500000e-01
   8.7045455e-01   7.8409091e-01   7.0454545e-02   3.6590909e-01   5.4772727e-01   3.4318182e-01   9.4772727e-01   9.5681818e-01   8.4090909e-02   1.2954545e-01   2.8409091e-01   4.3409091e-01   6.8409091e-01   7.4318182e-01   6.3863636e-01   8.4318182e-01   6.0681818e-01   6.8409091e-01   8.6590909e-01   9.3863636e-01   6.9318182e-01
   3.2954545e-01   6.5681818e-01   9.9318182e-01   5.4772727e-01   4.3409091e-01   4.3181818e-02   8.0227273e-01   4.6590909e-01   3.7954545e-01   1.4318182e-01   3.6136364e-01   8.1136364e-01   2.6590909e-01   9.2954545e-01   8.9772727e-01   7.9772727e-01   1.0681818e-01   2.7954545e-01   2.6590909e-01   3.0227273e-01   4.4772727e-01
   3.7045455e-01   2.7500000e-01   9.4772727e-01   7.9772727e-01   7.3863636e-01   6.1136364e-01   3.3409091e-01   1.1590909e-01   9.5681818e-01   8.9772727e-01   2.3409091e-01   5.4772727e-01   3.4090909e-02   3.4318182e-01   8.6590909e-01   7.1590909e-01   3.7954545e-01   3.4090909e-02   2.7954545e-01   1.1590909e-01   4.2500000e-01
   1.1136364e-01   3.7045455e-01   8.1590909e-01   1.5227273e-01   7.1136364e-01   9.0681818e-01   5.4318182e-01   5.8863636e-01   2.2500000e-01   7.7045455e-01   3.3409091e-01   6.7954545e-01   7.1590909e-01   5.2954545e-01   3.7045455e-01   1.7954545e-01   8.6590909e-01   5.8863636e-01   3.9318182e-01   3.7500000e-01   4.1136364e-01
   7.3863636e-01   2.8863636e-01   7.1590909e-01   3.7045455e-01   9.0227273e-01   6.0681818e-01   4.7045455e-01   8.7500000e-01   7.5000000e-02   2.9545455e-02   8.4090909e-02   2.0454545e-02   6.7045455e-01   8.2500000e-01   3.0681818e-01   2.9772727e-01   1.2045455e-01   4.7727273e-02   1.9318182e-01   1.2500000e-01   7.8409091e-01
   4.7045455e-01   1.7045455e-01   4.3863636e-01   5.6818182e-02   2.7500000e-01   3.5681818e-01   9.7045455e-01   3.1136364e-01   6.6136364e-01   4.7045455e-01   3.1136364e-01   9.5681818e-01   9.7727273e-02   6.9318182e-01   1.8409091e-01   2.9545455e-02   9.2500000e-01   1.6590909e-01   2.2500000e-01   6.6590909e-01   6.6590909e-01
   2.7500000e-01   4.0681818e-01   4.7954545e-01   8.8409091e-01   5.2954545e-01   6.4318182e-01   9.3181818e-02   9.9318182e-01   3.8636364e-02   2.4318182e-01   1.0681818e-01   9.7727273e-02   7.5000000e-02   2.9318182e-01   7.2954545e-01   1.1136364e-01   8.0227273e-01   3.7954545e-01   1.8409091e-01   3.9772727e-01   2.6136364e-01
   6.0227273e-01   2.4772727e-01   2.7500000e-01   9.1590909e-01   3.7045455e-01   1.0227273e-01   3.9318182e-01   3.8409091e-01   5.2045455e-01   5.7045455e-01   5.1136364e-01   1.3863636e-01   8.0681818e-01   6.0681818e-01   2.9318182e-01   4.0227273e-01   1.2954545e-01   2.5000000e-02   8.0681818e-01   6.1590909e-01   9.2500000e-01
   3.7954545e-01   1.4318182e-01   2.5000000e-02   4.3863636e-01   8.1590909e-01   7.5681818e-01   8.0681818e-01   2.3409091e-01   4.9772727e-01   6.9772727e-01   7.9318182e-01   6.3863636e-01   1.5909091e-02   2.0227273e-01   6.5909091e-02   9.5227273e-01   8.8409091e-01   4.1136364e-01   9.2500000e-01   6.7954545e-01   4.2045455e-01
   4.7727273e-02   4.1136364e-01   5.0227273e-01   3.8863636e-01   8.3863636e-01   5.4772727e-01   5.9318182e-01   7.2954545e-01   8.2500000e-01   4.7727273e-02   9.3863636e-01   8.6136364e-01   1.6590909e-01   2.9545455e-02   6.4318182e-01   6.8409091e-01   1.1136364e-01   1.6136364e-01   7.5227273e-01   7.4318182e-01   4.1590909e-01
   9.2045455e-01   3.6136364e-01   7.0681818e-01   9.6590909e-01   3.3863636e-01   9.3181818e-02   8.1136364e-01   5.5227273e-01   6.1136364e-01   8.3409091e-01   6.1590909e-01   2.6136364e-01   9.6136364e-01   7.5681818e-01   6.6590909e-01   2.7954545e-01   7.7045455e-01   7.4318182e-01   1.7954545e-01   5.7954545e-01   3.4772727e-01
   8.6136364e-01   1.7500000e-01   7.9545455e-02   6.3409091e-01   9.9318182e-01   3.7954545e-01   7.9318182e-01   4.9318182e-01   1.5909091e-02   6.1136364e-01   7.2954545e-01   3.7500000e-01   2.0454545e-02   5.4772727e-01   5.3409091e-01   8.7954545e-01   6.8409091e-01   6.7500000e-01   6.7045455e-01   5.1136364e-01   9.0227273e-01
   9.7500000e-01   9.3181818e-02   1.0227273e-01   2.9545455e-02   5.6590909e-01   3.0227273e-01   5.2500000e-01   4.0227273e-01   7.0227273e-01   1.7500000e-01   4.5681818e-01   1.0681818e-01   7.2500000e-01   5.5227273e-01   7.3863636e-01   1.7045455e-01   7.2500000e-01   5.6590909e-01   2.0227273e-01   3.7954545e-01   4.7954545e-01
   1.7045455e-01   9.8409091e-01   2.5681818e-01   7.4318182e-01   1.7045455e-01   1.2500000e-01   3.6136364e-01   2.2045455e-01   2.7954545e-01   9.5681818e-01   9.7727273e-02   8.5681818e-01   7.7045455e-01   6.5227273e-01   8.2045455e-01   9.5681818e-01   9.5227273e-01   5.4772727e-01   4.4318182e-01   7.0454545e-02   5.1136364e-01
   7.5000000e-02   1.1136364e-01   7.7500000e-01   6.1136364e-01   4.4318182e-01   1.4772727e-01   7.8409091e-01   8.5227273e-01   8.5681818e-01   9.4318182e-01   2.4318182e-01   3.0681818e-01   1.4318182e-01   4.4318182e-01   9.8409091e-01   2.7500000e-01   1.1363636e-02   4.7954545e-01   8.1136364e-01   4.8863636e-01   8.1590909e-01
   8.5227273e-01   7.3409091e-01   5.7500000e-01   7.5681818e-01   1.3863636e-01   2.0227273e-01   6.7500000e-01   2.2727273e-03   1.4318182e-01   5.2954545e-01   2.6136364e-01   4.1590909e-01   6.3409091e-01   1.2954545e-01   3.4318182e-01   6.0681818e-01   6.7500000e-01   4.0681818e-01   1.4772727e-01   2.4318182e-01   1.8409091e-01
   9.6590909e-01   1.1590909e-01   1.8863636e-01   8.7045455e-01   7.7045455e-01   5.9772727e-01   6.1136364e-01   3.4318182e-01   7.5681818e-01   3.1136364e-01   4.3863636e-01   1.0227273e-01   2.2727273e-03   9.2045455e-01   2.2045455e-01   8.7045455e-01   5.7500000e-01   1.5909091e-02   6.0681818e-01   7.5681818e-01   2.3409091e-01
   1.6136364e-01   9.3409091e-01   6.3409091e-01   2.0454545e-02   6.9772727e-01   1.7954545e-01   8.7954545e-01   7.5000000e-02   7.1136364e-01   8.9318182e-01   6.8181818e-03   2.5227273e-01   8.4090909e-02   8.4090909e-02   1.7045455e-01   6.8181818e-03   3.6136364e-01   8.4772727e-01   6.2045455e-01   7.6136364e-01   2.2954545e-01
   3.3863636e-01   6.0227273e-01   9.2954545e-01   3.1136364e-01   3.7500000e-01   3.6136364e-01   4.7500000e-01   8.6590909e-01   7.7500000e-01   8.6590909e-01   4.6590909e-01   5.2500000e-01   8.9318182e-01   5.6590909e-01   3.2954545e-01   8.5227273e-01   9.7727273e-02   9.5227273e-01   7.3409091e-01   2.9772727e-01   6.8181818e-03
   2.5227273e-01   9.4318182e-01   5.8409091e-01   9.9318182e-01   6.3409091e-01   4.7045455e-01   3.1590909e-01   1.5909091e-02   6.2500000e-01   1.1590909e-01   6.7500000e-01   2.1590909e-01   8.8863636e-01   9.4772727e-01   7.8409091e-01   9.6590909e-01   8.9318182e-01   9.5681818e-01   2.4318182e-01   2.2727273e-03   8.6136364e-01
   5.4318182e-01   4.3181818e-02   4.4318182e-01   4.9772727e-01   5.5681818e-01   5.7954545e-01   6.4318182e-01   2.6136364e-01   8.7045455e-01   8.8636364e-02   8.7954545e-01   6.2500000e-01   8.5227273e-01   1.0227273e-01   6.6136364e-01   6.2500000e-01   9.8863636e-01   7.8409091e-01   5.7500000e-01   8.0227273e-01   2.0454545e-02
   1.5681818e-01   5.8409091e-01   5.9318182e-01   3.5681818e-01   1.1590909e-01   6.2500000e-01   7.6590909e-01   3.8863636e-01   4.2500000e-01   2.8409091e-01   6.1136364e-01   7.7045455e-01   8.4318182e-01   5.2045455e-01   3.2045455e-01   3.8409091e-01   9.2045455e-01   2.4772727e-01   9.5227273e-01   9.7045455e-01   2.5000000e-02
   9.4772727e-01   7.3863636e-01   3.6590909e-01   6.3863636e-01   7.0454545e-02   3.1590909e-01   4.3181818e-02   8.4772727e-01   5.7500000e-01   3.6590909e-01   7.5681818e-01   4.7500000e-01   6.9772727e-01   3.5681818e-01   3.5681818e-01   8.3409091e-01   7.6590909e-01   3.1136364e-01   9.5681818e-01   6.4772727e-01   8.2045455e-01
   6.5681818e-01   5.9318182e-01   8.4772727e-01   9.3409091e-01   5.2500000e-01   1.2954545e-01   9.4318182e-01   5.0681818e-01   2.3863636e-01   7.7500000e-01   5.6818182e-02   7.3863636e-01   9.9318182e-01   8.8863636e-01   1.5681818e-01   9.4772727e-01   3.6590909e-01   5.2500000e-01   5.8409091e-01   4.0681818e-01   8.0681818e-01
   5.7045455e-01   4.4318182e-01   5.2272727e-02   4.9318182e-01   8.8863636e-01   9.7727273e-02   6.5909091e-02   2.8863636e-01   8.2954545e-01   7.5000000e-02   5.1590909e-01   7.4772727e-01   1.3409091e-01   4.5681818e-01   3.9772727e-01   4.9772727e-01   6.7954545e-01   5.2045455e-01   7.9772727e-01   9.7954545e-01   8.3863636e-01
   8.8409091e-01   4.5681818e-01   5.4772727e-01   9.5681818e-01   8.6590909e-01   5.5227273e-01   4.8863636e-01   4.7500000e-01   5.3863636e-01   1.7954545e-01   7.5000000e-02   9.4318182e-01   7.5227273e-01   7.2954545e-01   3.2500000e-01   1.5681818e-01   8.0681818e-01   6.0681818e-01   3.2045455e-01   8.8409091e-01   9.3409091e-01
   2.3409091e-01   5.7954545e-01   3.8863636e-01   1.7500000e-01   1.0227273e-01   4.1590909e-01   6.1590909e-01   8.3409091e-01   9.2045455e-01   6.5681818e-01   7.6136364e-01   6.1363636e-02   3.6136364e-01   3.6590909e-01   3.4772727e-01   4.2045455e-01   7.5000000e-02   2.6136364e-01   2.9318182e-01   4.7500000e-01   4.3181818e-02
   4.9318182e-01   5.9772727e-01   8.4090909e-02   1.0227273e-01   8.6136364e-01   7.9772727e-01   4.4772727e-01   3.4090909e-02   9.1590909e-01   5.2272727e-02   2.8863636e-01   5.7954545e-01   5.2500000e-01   3.9318182e-01   1.6590909e-01   3.4090909e-02   5.6590909e-01   5.7500000e-01   4.2954545e-01   1.7045455e-01   2.2045455e-01
   5.5681818e-01   2.2500000e-01   3.7045455e-01   3.4318182e-01   9.1590909e-01   6.7045455e-01   2.0454545e-02   9.3181818e-02   1.5227273e-01   8.7954545e-01   6.6136364e-01   5.0681818e-01   9.4318182e-01   8.5227273e-01   4.2500000e-01   9.1590909e-01   6.1590909e-01   3.2954545e-01   6.9772727e-01   6.8409091e-01   7.2954545e-01
   3.1136364e-01   1.5227273e-01   6.6590909e-01   1.6590909e-01   2.6136364e-01   7.4772727e-01   3.7045455e-01   8.2500000e-01   2.4772727e-01   2.1136364e-01   8.5227273e-01   8.7500000e-01   9.2045455e-01   7.0227273e-01   8.4090909e-02   5.2954545e-01   9.2954545e-01   2.8863636e-01   4.4772727e-01   1.8863636e-01   9.9318182e-01
   4.3863636e-01   8.3409091e-01   5.5681818e-01   5.2045455e-01   9.0681818e-01   7.8409091e-01   2.7954545e-01   2.9318182e-01   1.3409091e-01   5.5227273e-01   1.1363636e-02   6.0227273e-01   3.9318182e-01   8.5681818e-01   2.5681818e-01   2.3409091e-01   4.3181818e-02   9.3409091e-01   9.9318182e-01   3.6136364e-01   6.3863636e-01
   4.1590909e-01   1.5681818e-01   8.1136364e-01   9.5227273e-01   2.0227273e-01   3.0681818e-01   6.4772727e-01   6.1590909e-01   3.5227273e-01   4.2954545e-01   4.2954545e-01   5.1136364e-01   1.2045455e-01   5.0227273e-01   4.3409091e-01   4.0681818e-01   5.9772727e-01   6.2045455e-01   8.0227273e-01   1.7500000e-01   5.9772727e-01
   6.4318182e-01   4.3409091e-01   2.5227273e-01   3.6136364e-01   6.8863636e-01   5.3409091e-01   7.3863636e-01   2.7954545e-01   3.3409091e-01   5.4772727e-01   4.2500000e-01   3.5227273e-01   3.1136364e-01   4.9318182e-01   3.7954545e-01   9.9318182e-01   1.1590909e-01   4.3409091e-01   2.7500000e-01   1.9772727e-01   9.6590909e-01
   7.7045455e-01   5.5681818e-01   8.2500000e-01   1.1136364e-01   6.8409091e-01   4.2500000e-01   1.9772727e-01   7.7045455e-01   2.4318182e-01   9.1136364e-01   8.3863636e-01   4.6136364e-01   7.7500000e-01   6.7954545e-01   1.1363636e-02   6.7500000e-01   1.9772727e-01   1.5681818e-01   1.7045455e-01   2.8409091e-01   7.1136364e-01
   3.0681818e-01   9.2045455e-01   8.9772727e-01   2.0681818e-01   4.0227273e-01   5.7045455e-01   2.2727273e-03   7.3409091e-01   4.5681818e-01   1.4772727e-01   8.0227273e-01   4.5227273e-01   4.6136364e-01   6.1590909e-01   1.0681818e-01   8.1590909e-01   6.8181818e-03   3.0227273e-01   8.4318182e-01   5.1590909e-01   3.5227273e-01
   8.2954545e-01   8.7045455e-01   8.7500000e-01   1.2045455e-01   3.5227273e-01   2.4772727e-01   9.2045455e-01   8.9318182e-01   3.4318182e-01   9.4772727e-01   6.5227273e-01   1.7500000e-01   3.3409091e-01   3.0681818e-01   5.6136364e-01   1.4318182e-01   8.2500000e-01   6.8181818e-03   8.5227273e-01   4.3863636e-01   3.6590909e-01
   7.2954545e-01   1.1363636e-02   4.3409091e-01   5.9772727e-01   8.8636364e-02   4.5227273e-01   5.8863636e-01   4.0681818e-01   7.8409091e-01   3.9772727e-01   4.4772727e-01   4.8863636e-01   7.2045455e-01   2.6136364e-01   5.8863636e-01   2.0681818e-01   3.5681818e-01   4.1590909e-01   1.0227273e-01   9.2045455e-01   9.5227273e-01
   9.9318182e-01   6.2954545e-01   5.9772727e-01   3.7954545e-01   7.5000000e-02   8.3409091e-01   8.4090909e-02   5.4318182e-01   7.6136364e-01   6.4772727e-01   2.1590909e-01   8.1590909e-01   2.9318182e-01   4.2954545e-01   1.4318182e-01   8.6136364e-01   7.4318182e-01   6.9318182e-01   7.4318182e-01   3.2045455e-01   3.3409091e-01
   6.2954545e-01   5.2045455e-01   1.7045455e-01   3.2045455e-01   6.2500000e-01   2.2954545e-01   3.6590909e-01   7.8409091e-01   9.9318182e-01   6.8181818e-03   1.5681818e-01   4.4772727e-01   8.4772727e-01   9.3863636e-01   2.9772727e-01   7.6136364e-01   6.6590909e-01   8.2045455e-01   1.3409091e-01   3.3863636e-01   7.0454545e-02
   2.7045455e-01   2.5000000e-02   4.5227273e-01   7.8409091e-01   6.3863636e-01   2.7954545e-01   1.8863636e-01   4.5227273e-01   6.2045455e-01   4.4772727e-01   2.1136364e-01   2.7500000e-01   8.5681818e-01   6.2045455e-01   5.4772727e-01   4.3863636e-01   2.9545455e-02   1.1136364e-01   5.7954545e-01   5.9772727e-01   6.1590909e-01
   2.1590909e-01   4.0227273e-01   8.5227273e-01   2.2954545e-01   8.8409091e-01   5.4318182e-01   5.5681818e-01   9.7954545e-01   6.7500000e-01   8.0681818e-01   5.9772727e-01   5.0227273e-01   3.5681818e-01   5.8409091e-01   5.5227273e-01   7.4772727e-01   9.0227273e-01   8.9318182e-01   7.6590909e-01   8.1136364e-01   7.0227273e-01
   9.1590909e-01   4.1590909e-01   7.5000000e-02   2.6590909e-01   2.3409091e-01   3.5227273e-01   7.2954545e-01   5.3863636e-01   8.8863636e-01   5.0227273e-01   6.7045455e-01   6.1590909e-01   7.8409091e-01   8.7500000e-01   8.7045455e-01   6.9318182e-01   4.5681818e-01   7.2045455e-01   2.3409091e-01   9.2500000e-01   7.7045455e-01
   6.7500000e-01   9.5681818e-01   4.2045455e-01   5.6136364e-01   1.5681818e-01   7.6136364e-01   1.2954545e-01   6.1363636e-02   2.3409091e-01   9.2045455e-01   9.5227273e-01   8.3409091e-01   5.6818182e-02   9.7500000e-01   1.2500000e-01   1.9318182e-01   4.2045455e-01   1.7954545e-01   6.8181818e-03   4.0227273e-01   9.7045455e-01
   8.9318182e-01   2.1590909e-01   3.4090909e-02   2.4318182e-01   4.3863636e-01   7.7500000e-01   1.0227273e-01   2.1590909e-01   4.3181818e-02   5.8409091e-01   5.5227273e-01   6.6136364e-01   7.0681818e-01   4.6590909e-01   9.7954545e-01   1.5909091e-02   9.3863636e-01   7.7045455e-01   7.7954545e-01   3.6590909e-01   3.4318182e-01
   2.0454545e-02   9.1136364e-01   8.6136364e-01   6.2500000e-01   2.1590909e-01   8.2045455e-01   4.3409091e-01   4.2045455e-01   5.3409091e-01   1.5909091e-02   9.4318182e-01   4.3181818e-02   5.8863636e-01   7.8409091e-01   2.3863636e-01   1.1363636e-02   4.7500000e-01   8.3409091e-01   3.4090909e-02   6.3409091e-01   7.9318182e-01
   2.9772727e-01   4.2045455e-01   6.7045455e-01   2.8409091e-01   8.5227273e-01   3.9318182e-01   6.1363636e-02   9.7727273e-02   3.8409091e-01   2.2500000e-01   1.6590909e-01   1.1590909e-01   3.8636364e-02   4.8863636e-01   6.8863636e-01   7.0454545e-02   9.7954545e-01   7.9318182e-01   7.0227273e-01   5.2500000e-01   3.1136364e-01
   8.7500000e-01   7.8863636e-01   9.6136364e-01   4.3181818e-02   3.3409091e-01   7.9545455e-02   8.2500000e-01   7.7954545e-01   6.7045455e-01   4.7954545e-01   6.8409091e-01   1.5227273e-01   5.6136364e-01   5.7500000e-01   9.7045455e-01   8.3863636e-01   1.9318182e-01   6.1136364e-01   2.8863636e-01   2.8863636e-01   8.8863636e-01
